<?xml version="1.0" encoding="utf-8"?>
<COLLADA xmlns="http://www.collada.org/2005/11/COLLADASchema" version="1.4.1">
  <asset>
    <contributor>
      <author>Mixamo</author>
      <authoring_tool>COLLADA Mixamo exporter</authoring_tool>
      <comments/>
    </contributor>
    <created>2024-06-10T00:53:55Z</created>
    <modified>2024-06-10T00:53:55Z</modified>
    <revision/>
    <title/>
    <unit meter="0.010000"/>
    <up_axis>Y_UP</up_axis>
  </asset>
  <library_animations>
    <animation id="mixamorig_Hips-anim" name="mixamorig_Hips">
      <source id="mixamorig_Hips-Matrix-animation-input">
        <float_array id="mixamorig_Hips-Matrix-animation-input-array" count="81">

0.000000 0.033333 0.066667 0.100000 0.133333 0.166667 0.200000 0.233333 0.266667 0.300000 0.333333 0.366667 0.400000 0.433333 0.466667 0.500000
0.533333 0.566667 0.600000 0.633333 0.666667 0.700000 0.733333 0.766667 0.800000 0.833333 0.866667 0.900000 0.933333 0.966667 1.000000 1.033333
1.066667 1.100000 1.133333 1.166667 1.200000 1.233333 1.266667 1.300000 1.333333 1.366667 1.400000 1.433333 1.466667 1.500000 1.533333 1.566667
1.600000 1.633333 1.666667 1.700000 1.733333 1.766667 1.800000 1.833333 1.866667 1.900000 1.933333 1.966667 2.000000 2.033333 2.066667 2.100000
2.133333 2.166667 2.200000 2.233333 2.266667 2.300000 2.333333 2.366667 2.400000 2.433333 2.466667 2.500000 2.533333 2.566667 2.600000 2.633333
2.666667</float_array>
        <technique_common>
          <accessor source="#mixamorig_Hips-Matrix-animation-input-array" count="81">
            <param name="TIME" type="float"/>
          </accessor>
        </technique_common>
      </source>
      <source id="mixamorig_Hips-Matrix-animation-output-transform">
        <float_array id="mixamorig_Hips-Matrix-animation-output-transform-array" count="1296">

0.974031 0.009796 -0.226202 -1.010220 -0.052320 0.981762 -0.182773 99.413506 0.220286 0.189862 0.956779 -0.939860 0.000000 0.000000 0.000000 1.000000
0.975911 -0.012670 -0.217799 -1.051838 -0.031377 0.979782 -0.197590 100.520309 0.215899 0.199664 0.955783 -1.397061 0.000000 0.000000 0.000000 1.000000
0.980745 -0.033079 -0.192471 -1.132363 -0.007514 0.978429 -0.206447 103.092117 0.195148 0.203918 0.959341 -1.771474 0.000000 0.000000 0.000000 1.000000
0.987841 -0.039789 -0.150287 -1.287753 0.008330 0.978852 -0.204398 106.179192 0.155242 0.200661 0.967282 -0.999011 0.000000 0.000000 0.000000 1.000000
0.991932 -0.021313 -0.124968 -1.305762 -0.002889 0.981710 -0.190359 108.021805 0.126739 0.189184 0.973728 0.647866 0.000000 0.000000 0.000000 1.000000
0.992874 -0.006517 -0.118992 -1.057499 -0.014961 0.983788 -0.178711 106.704971 0.118227 0.179218 0.976680 1.999285 0.000000 0.000000 0.000000 1.000000
0.993232 -0.011567 -0.115570 -0.799249 -0.008348 0.985346 -0.170366 103.648773 0.115847 0.170178 0.978580 2.577629 0.000000 0.000000 0.000000 1.000000
0.994838 -0.020223 -0.099439 -0.535490 0.005176 0.988777 -0.149310 101.110420 0.101342 0.148024 0.983778 2.604675 0.000000 0.000000 0.000000 1.000000
0.992496 -0.039606 -0.115684 -0.360043 0.023769 0.990534 -0.135197 99.925705 0.119944 0.131433 0.984042 2.789099 0.000000 0.000000 0.000000 1.000000
0.986713 -0.044868 -0.156157 -0.303700 0.022614 0.989685 -0.141467 98.859314 0.160894 0.136056 0.977549 4.198600 0.000000 0.000000 0.000000 1.000000
0.985859 -0.028715 -0.165097 -0.200529 0.003250 0.988301 -0.152484 99.019516 0.167544 0.149791 0.974419 5.482622 0.000000 0.000000 0.000000 1.000000
0.987891 0.005571 -0.155049 -0.053522 -0.031154 0.986123 -0.163067 100.822792 0.151989 0.165923 0.974356 4.879608 0.000000 0.000000 0.000000 1.000000
0.986718 0.031206 -0.159416 0.278996 -0.060760 0.981039 -0.184040 104.145874 0.150650 0.191282 0.969905 3.639740 0.000000 0.000000 0.000000 1.000000
0.982679 0.032817 -0.182385 0.778984 -0.069970 0.977051 -0.201187 107.777237 0.171597 0.210464 0.962424 2.864301 0.000000 0.000000 0.000000 1.000000
0.979179 0.008233 -0.202832 1.136770 -0.052150 0.975845 -0.212147 109.780762 0.196186 0.218307 0.955957 3.018632 0.000000 0.000000 0.000000 1.000000
0.977349 -0.018077 -0.210862 1.146578 -0.028718 0.975802 -0.216760 109.511314 0.209678 0.217906 0.953180 3.387902 0.000000 0.000000 0.000000 1.000000
0.976836 -0.022641 -0.212789 0.694491 -0.024595 0.975918 -0.216746 107.498077 0.212571 0.216959 0.952755 3.024383 0.000000 0.000000 0.000000 1.000000
0.974712 -0.006597 -0.223369 0.100717 -0.040629 0.977673 -0.206168 105.130676 0.219742 0.210030 0.952681 2.058265 0.000000 0.000000 0.000000 1.000000
0.969531 0.010092 -0.244762 -0.253751 -0.055823 0.981965 -0.180634 102.675499 0.238525 0.188793 0.952609 0.796388 0.000000 0.000000 0.000000 1.000000
0.968876 0.014767 -0.247106 -0.654466 -0.058491 0.983610 -0.170557 100.686142 0.240538 0.179702 0.953860 -0.169545 0.000000 0.000000 0.000000 1.000000
0.973768 0.008541 -0.227384 -1.052214 -0.051483 0.981651 -0.183603 99.846870 0.221644 0.190493 0.956340 -0.638443 0.000000 0.000000 0.000000 1.000000
0.976036 -0.013041 -0.217219 -1.106164 -0.031034 0.979657 -0.198263 100.617767 0.215386 0.200253 0.955776 -1.060496 0.000000 0.000000 0.000000 1.000000
0.981057 -0.032496 -0.190972 -1.196509 -0.007614 0.978599 -0.205634 103.174133 0.193567 0.203193 0.959815 -1.451654 0.000000 0.000000 0.000000 1.000000
0.987994 -0.037332 -0.149915 -1.345936 0.006208 0.979175 -0.202922 106.167282 0.154369 0.199555 0.967651 -0.703009 0.000000 0.000000 0.000000 1.000000
0.991841 -0.018791 -0.126089 -1.338381 -0.005106 0.982428 -0.186574 107.924385 0.127379 0.185695 0.974316 0.808342 0.000000 0.000000 0.000000 1.000000
0.992091 -0.003974 -0.125455 -1.064947 -0.017582 0.985244 -0.170249 106.679703 0.124280 0.171109 0.977382 2.007605 0.000000 0.000000 0.000000 1.000000
0.991531 -0.006852 -0.129690 -0.791793 -0.013630 0.987603 -0.156379 103.662270 0.129153 0.156822 0.979146 2.485678 0.000000 0.000000 0.000000 1.000000
0.992552 -0.013714 -0.121046 -0.509151 -0.002259 0.991400 -0.130844 101.272713 0.121799 0.130143 0.983986 2.444956 0.000000 0.000000 0.000000 1.000000
0.988645 -0.027015 -0.147824 -0.275970 0.011463 0.994399 -0.105067 100.151917 0.149834 0.102179 0.983417 2.535826 0.000000 0.000000 0.000000 1.000000
0.978147 -0.022496 -0.206692 -0.171196 0.003203 0.995642 -0.093204 98.999985 0.207888 0.090506 0.973957 3.804322 0.000000 0.000000 0.000000 1.000000
0.970711 0.003337 -0.240229 -0.080700 -0.023878 0.996293 -0.082647 99.070236 0.239063 0.085963 0.967192 4.922589 0.000000 0.000000 0.000000 1.000000
0.964885 0.046589 -0.258507 -0.006337 -0.064250 0.996111 -0.060294 100.895462 0.254693 0.074786 0.964126 4.052287 0.000000 0.000000 0.000000 1.000000
0.952110 0.082857 -0.294316 0.231657 -0.098473 0.994390 -0.038615 104.275864 0.289465 0.065748 0.954928 2.470748 0.000000 0.000000 0.000000 1.000000
0.930436 0.098410 -0.352993 0.640820 -0.112146 0.993517 -0.018621 108.136543 0.348872 0.056913 0.935441 1.409481 0.000000 0.000000 0.000000 1.000000
0.906332 0.088348 -0.413227 0.904121 -0.099504 0.995022 -0.005508 110.271881 0.410683 0.046110 0.910611 1.426214 0.000000 0.000000 0.000000 1.000000
0.883528 0.076616 -0.462070 0.861466 -0.083594 0.996485 0.005388 110.077721 0.460858 0.033865 0.886827 1.658934 0.000000 0.000000 0.000000 1.000000
0.862224 0.083646 -0.499574 0.429603 -0.083471 0.996251 0.022744 107.838921 0.499603 0.022090 0.865973 1.285142 0.000000 0.000000 0.000000 1.000000
0.835965 0.112648 -0.537097 -0.059832 -0.098995 0.993605 0.054312 105.337204 0.539780 0.007767 0.841770 0.288709 0.000000 0.000000 0.000000 1.000000
0.803301 0.143703 -0.577977 -0.180474 -0.110434 0.989565 0.092551 102.724792 0.585245 -0.010518 0.810788 -0.963497 0.000000 0.000000 0.000000 1.000000
0.782968 0.157715 -0.601736 -0.337384 -0.112280 0.987269 0.112666 100.908112 0.611845 -0.020651 0.790708 -1.994455 0.000000 0.000000 0.000000 1.000000
0.779075 0.154888 -0.607496 -0.519774 -0.107111 0.987638 0.114445 100.122932 0.617712 -0.024092 0.786035 -2.645030 0.000000 0.000000 0.000000 1.000000
0.770245 0.137601 -0.622727 -0.486415 -0.092720 0.990233 0.104121 100.738861 0.630972 -0.022460 0.775480 -3.152455 0.000000 0.000000 0.000000 1.000000
0.782026 0.114458 -0.612645 -0.717558 -0.073650 0.993076 0.091520 103.027115 0.618879 -0.026450 0.785041 -3.576696 0.000000 0.000000 0.000000 1.000000
0.807926 0.098511 -0.580992 -1.204121 -0.059510 0.994527 0.085875 105.816734 0.586272 -0.034805 0.809366 -2.864532 0.000000 0.000000 0.000000 1.000000
0.829728 0.104314 -0.548334 -1.662580 -0.064741 0.993737 0.091082 107.202408 0.554401 -0.040074 0.831284 -1.277388 0.000000 0.000000 0.000000 1.000000
0.848894 0.106710 -0.517679 -1.845939 -0.074107 0.993763 0.083326 106.183243 0.523342 -0.032371 0.851508 0.155740 0.000000 0.000000 0.000000 1.000000
0.882677 0.078986 -0.463296 -2.062762 -0.062759 0.996757 0.050367 103.403725 0.465772 -0.015382 0.884771 0.913133 0.000000 0.000000 0.000000 1.000000
0.932719 0.035239 -0.358878 -2.258445 -0.036528 0.999328 0.003188 101.176498 0.358749 0.010136 0.933379 1.359498 0.000000 0.000000 0.000000 1.000000
0.962635 -0.010619 -0.270593 -2.303944 -0.003846 0.998594 -0.052868 100.122223 0.270774 0.051933 0.961241 2.100168 0.000000 0.000000 0.000000 1.000000
0.972921 -0.030774 -0.229079 -2.265408 0.006562 0.994375 -0.105712 98.976486 0.231044 0.101346 0.967651 3.918052 0.000000 0.000000 0.000000 1.000000
0.977691 -0.019765 -0.209115 -2.032344 -0.007972 0.991354 -0.130973 99.030411 0.209895 0.129718 0.969081 5.312842 0.000000 0.000000 0.000000 1.000000
0.983336 0.010788 -0.181478 -1.678584 -0.038441 0.988005 -0.149561 100.830948 0.177688 0.154045 0.971955 4.766680 0.000000 0.000000 0.000000 1.000000
0.984560 0.033602 -0.171791 -1.046347 -0.064485 0.982006 -0.177498 104.146927 0.162735 0.185835 0.969011 3.580246 0.000000 0.000000 0.000000 1.000000
0.981995 0.033611 -0.185895 -0.217936 -0.071184 0.977345 -0.199322 107.767136 0.174984 0.208966 0.962140 2.839045 0.000000 0.000000 0.000000 1.000000
0.979184 0.008323 -0.202806 0.424349 -0.052234 0.975841 -0.212148 109.771011 0.196140 0.218325 0.955962 3.011011 0.000000 0.000000 0.000000 1.000000
0.977350 -0.018025 -0.210861 0.638620 -0.028769 0.975801 -0.216760 109.510468 0.209665 0.217917 0.953180 3.383178 0.000000 0.000000 0.000000 1.000000
0.976835 -0.022614 -0.212795 0.296648 -0.024623 0.975917 -0.216746 107.499374 0.212571 0.216965 0.952754 3.022259 0.000000 0.000000 0.000000 1.000000
0.974711 -0.006583 -0.223371 -0.226189 -0.040644 0.977672 -0.206168 105.131676 0.219741 0.210033 0.952680 2.057155 0.000000 0.000000 0.000000 1.000000
0.969531 0.010106 -0.244760 -0.509412 -0.055837 0.981964 -0.180633 102.676247 0.238520 0.188796 0.952609 0.795861 0.000000 0.000000 0.000000 1.000000
0.968879 0.014756 -0.247095 -0.854935 -0.058478 0.983611 -0.170558 100.619720 0.240528 0.179700 0.953863 -0.171615 0.000000 0.000000 0.000000 1.000000
0.973772 0.008454 -0.227369 -1.205050 -0.051392 0.981656 -0.183604 99.497803 0.221646 0.190473 0.956344 -0.646622 0.000000 0.000000 0.000000 1.000000
0.976036 -0.013037 -0.217218 -1.223931 -0.031039 0.979657 -0.198263 100.629791 0.215384 0.200254 0.955776 -1.060331 0.000000 0.000000 0.000000 1.000000
0.981058 -0.032494 -0.190972 -1.297613 -0.007615 0.978599 -0.205633 103.174149 0.193567 0.203193 0.959815 -1.451665 0.000000 0.000000 0.000000 1.000000
0.988003 -0.037532 -0.149807 -1.440096 0.006363 0.979090 -0.203328 106.168137 0.154306 0.199935 0.967582 -0.701489 0.000000 0.000000 0.000000 1.000000
0.992059 -0.020536 -0.124087 -1.439996 -0.003545 0.981624 -0.190795 107.925041 0.125725 0.189719 0.973756 0.837511 0.000000 0.000000 0.000000 1.000000
0.992873 -0.007125 -0.118967 -1.178695 -0.014403 0.983722 -0.179119 106.677094 0.118307 0.179555 0.976608 2.081815 0.000000 0.000000 0.000000 1.000000
0.993168 -0.011703 -0.116101 -0.924368 -0.008295 0.985359 -0.170289 103.653915 0.116394 0.170089 0.978531 2.604649 0.000000 0.000000 0.000000 1.000000
0.994842 -0.020280 -0.099391 -0.665306 0.005239 0.988777 -0.149310 101.261749 0.101303 0.148019 0.983782 2.603133 0.000000 0.000000 0.000000 1.000000
0.992497 -0.039682 -0.115652 -0.489481 0.023849 0.990532 -0.135197 100.132126 0.119922 0.131424 0.984046 2.791677 0.000000 0.000000 0.000000 1.000000
0.986712 -0.044895 -0.156152 -0.433995 0.022642 0.989684 -0.141467 98.967010 0.160893 0.136052 0.977550 4.200021 0.000000 0.000000 0.000000 1.000000
0.985859 -0.028715 -0.165097 -0.332038 0.003250 0.988301 -0.152484 99.015778 0.167544 0.149791 0.974419 5.482354 0.000000 0.000000 0.000000 1.000000
0.987891 0.005570 -0.155049 -0.185014 -0.031153 0.986123 -0.163067 100.822784 0.151989 0.165923 0.974356 4.879471 0.000000 0.000000 0.000000 1.000000
0.986718 0.031206 -0.159416 0.147499 -0.060760 0.981039 -0.184040 104.145851 0.150650 0.191282 0.969905 3.639567 0.000000 0.000000 0.000000 1.000000
0.982679 0.032817 -0.182385 0.647490 -0.069969 0.977051 -0.201187 107.777245 0.171597 0.210463 0.962424 2.864274 0.000000 0.000000 0.000000 1.000000
0.979179 0.008233 -0.202831 1.005271 -0.052150 0.975845 -0.212147 109.780739 0.196185 0.218308 0.955957 3.018619 0.000000 0.000000 0.000000 1.000000
0.977349 -0.018077 -0.210861 1.015084 -0.028717 0.975802 -0.216760 109.511284 0.209677 0.217906 0.953180 3.387831 0.000000 0.000000 0.000000 1.000000
0.976836 -0.022640 -0.212789 0.563004 -0.024596 0.975918 -0.216746 107.498062 0.212572 0.216959 0.952755 3.024308 0.000000 0.000000 0.000000 1.000000
0.974618 -0.006530 -0.223779 -0.027117 -0.040800 0.977654 -0.206224 105.140518 0.220126 0.210120 0.952573 2.009919 0.000000 0.000000 0.000000 1.000000
0.969114 0.009539 -0.246428 -0.371304 -0.055546 0.982018 -0.180433 102.695709 0.240276 0.188548 0.952217 0.656618 0.000000 0.000000 0.000000 1.000000
0.968356 0.013948 -0.249184 -0.771220 -0.057971 0.983699 -0.170221 100.642258 0.242747 0.179280 0.953379 -0.302870 0.000000 0.000000 0.000000 1.000000
0.974031 0.009797 -0.226202 -1.185553 -0.052320 0.981762 -0.182773 99.413506 0.220286 0.189862 0.956779 -0.939862 0.000000 0.000000 0.000000 1.000000</float_array>
        <technique_common>
          <accessor source="#mixamorig_Hips-Matrix-animation-output-transform-array" count="81" stride="16">
            <param type="float4x4"/>
          </accessor>
        </technique_common>
      </source>
      <source id="mixamorig_Hips-Interpolations">
        <Name_array id="mixamorig_Hips-Interpolations-array" count="81">
 LINEAR LINEAR LINEAR LINEAR LINEAR LINEAR LINEAR LINEAR LINEAR LINEAR LINEAR
LINEAR LINEAR LINEAR LINEAR LINEAR LINEAR LINEAR LINEAR LINEAR LINEAR LINEAR LINEAR
LINEAR LINEAR LINEAR LINEAR LINEAR LINEAR LINEAR LINEAR LINEAR LINEAR LINEAR LINEAR
LINEAR LINEAR LINEAR LINEAR LINEAR LINEAR LINEAR LINEAR LINEAR LINEAR LINEAR LINEAR
LINEAR LINEAR LINEAR LINEAR LINEAR LINEAR LINEAR LINEAR LINEAR LINEAR LINEAR LINEAR
LINEAR LINEAR LINEAR LINEAR LINEAR LINEAR LINEAR LINEAR LINEAR LINEAR LINEAR LINEAR
LINEAR LINEAR LINEAR LINEAR LINEAR LINEAR LINEAR LINEAR LINEAR LINEAR</Name_array>
        <technique_common>
          <accessor source="#mixamorig_Hips-Interpolations-array" count="81">
            <param type="name"/>
          </accessor>
        </technique_common>
      </source>
      <sampler id="mixamorig_Hips-Matrix-animation-transform">
        <input semantic="INPUT" source="#mixamorig_Hips-Matrix-animation-input"/>
        <input semantic="OUTPUT" source="#mixamorig_Hips-Matrix-animation-output-transform"/>
        <input semantic="INTERPOLATION" source="#mixamorig_Hips-Interpolations"/>
      </sampler>
      <channel source="#mixamorig_Hips-Matrix-animation-transform" target="mixamorig_Hips/matrix"/>
    </animation>
    <animation id="mixamorig_Spine-anim" name="mixamorig_Spine">
      <source id="mixamorig_Spine-Matrix-animation-input">
        <float_array id="mixamorig_Spine-Matrix-animation-input-array" count="81">

0.000000 0.033333 0.066667 0.100000 0.133333 0.166667 0.200000 0.233333 0.266667 0.300000 0.333333 0.366667 0.400000 0.433333 0.466667 0.500000
0.533333 0.566667 0.600000 0.633333 0.666667 0.700000 0.733333 0.766667 0.800000 0.833333 0.866667 0.900000 0.933333 0.966667 1.000000 1.033333
1.066667 1.100000 1.133333 1.166667 1.200000 1.233333 1.266667 1.300000 1.333333 1.366667 1.400000 1.433333 1.466667 1.500000 1.533333 1.566667
1.600000 1.633333 1.666667 1.700000 1.733333 1.766667 1.800000 1.833333 1.866667 1.900000 1.933333 1.966667 2.000000 2.033333 2.066667 2.100000
2.133333 2.166667 2.200000 2.233333 2.266667 2.300000 2.333333 2.366667 2.400000 2.433333 2.466667 2.500000 2.533333 2.566667 2.600000 2.633333
2.666667</float_array>
        <technique_common>
          <accessor source="#mixamorig_Spine-Matrix-animation-input-array" count="81">
            <param name="TIME" type="float"/>
          </accessor>
        </technique_common>
      </source>
      <source id="mixamorig_Spine-Matrix-animation-output-transform">
        <float_array id="mixamorig_Spine-Matrix-animation-output-transform-array" count="1296">

0.996827 -0.040996 -0.068232 -0.011200 0.039950 0.999063 -0.016623 11.843200 0.068850 0.013844 0.997531 -1.381700 0.000000 0.000000 0.000000 1.000000
0.998131 -0.028340 -0.054136 -0.011200 0.027883 0.999569 -0.009171 11.843200 0.054373 0.007644 0.998491 -1.381700 0.000000 0.000000 0.000000 1.000000
0.999078 -0.014548 -0.040400 -0.011200 0.014422 0.999890 -0.003396 11.843200 0.040445 0.002810 0.999178 -1.381700 0.000000 0.000000 0.000000 1.000000
0.999541 -0.007951 -0.029230 -0.011200 0.007947 0.999968 -0.000235 11.843200 0.029231 0.000002 0.999573 -1.381700 0.000000 0.000000 0.000000 1.000000
0.999711 -0.011502 -0.021122 -0.011200 0.011564 0.999929 0.002813 11.843200 0.021088 -0.003056 0.999773 -1.381700 0.000000 0.000000 0.000000 1.000000
0.999868 -0.016060 -0.002394 -0.011200 0.016077 0.999844 0.007274 11.843200 0.002276 -0.007311 0.999971 -1.381700 0.000000 0.000000 0.000000 1.000000
0.999796 -0.006709 0.019064 -0.011200 0.006497 0.999916 0.011172 11.843200 -0.019137 -0.011046 0.999756 -1.381700 0.000000 0.000000 0.000000 1.000000
0.999364 0.004541 0.035366 -0.011200 -0.005087 0.999869 0.015356 11.843200 -0.035292 -0.015527 0.999256 -1.381700 0.000000 0.000000 0.000000 1.000000
0.997744 0.031148 0.059465 -0.011200 -0.032369 0.999282 0.019681 11.843200 -0.058810 -0.021561 0.998036 -1.381700 0.000000 0.000000 0.000000 1.000000
0.994741 0.052868 0.087726 -0.011200 -0.054740 0.998318 0.019073 11.843200 -0.086570 -0.023775 0.995962 -1.381700 0.000000 0.000000 0.000000 1.000000
0.993015 0.052878 0.105479 -0.011200 -0.054663 0.998405 0.014098 11.843200 -0.104565 -0.019766 0.994322 -1.381700 0.000000 0.000000 0.000000 1.000000
0.992478 0.033408 0.117779 -0.011200 -0.034821 0.999344 0.009964 11.843200 -0.117369 -0.013990 0.992990 -1.381700 0.000000 0.000000 0.000000 1.000000
0.990821 0.015974 0.134231 -0.011200 -0.017413 0.999803 0.009552 11.843200 -0.134052 -0.011802 0.990904 -1.381700 0.000000 0.000000 0.000000 1.000000
0.987775 0.010885 0.155506 -0.011200 -0.012713 0.999861 0.010761 11.843200 -0.155368 -0.012607 0.987776 -1.381700 0.000000 0.000000 0.000000 1.000000
0.984495 0.022889 0.173914 -0.011200 -0.026053 0.999534 0.015929 11.843200 -0.173468 -0.020213 0.984632 -1.381700 0.000000 0.000000 0.000000 1.000000
0.982499 0.039883 0.181946 -0.011200 -0.044259 0.998819 0.020055 11.843200 -0.180932 -0.027756 0.983104 -1.381700 0.000000 0.000000 0.000000 1.000000
0.982309 0.047807 0.181061 -0.011200 -0.051857 0.998498 0.017698 11.843200 -0.179943 -0.026774 0.983313 -1.381700 0.000000 0.000000 0.000000 1.000000
0.983024 0.041065 0.178824 -0.011200 -0.044550 0.998887 0.015518 11.843200 -0.177988 -0.023221 0.983759 -1.381700 0.000000 0.000000 0.000000 1.000000
0.983181 0.028223 0.180442 -0.011200 -0.031605 0.999374 0.015896 11.843200 -0.179880 -0.021331 0.983457 -1.381700 0.000000 0.000000 0.000000 1.000000
0.983651 0.021336 0.178815 -0.011200 -0.023965 0.999634 0.012552 11.843200 -0.178482 -0.016632 0.983803 -1.381700 0.000000 0.000000 0.000000 1.000000
0.984448 0.015093 0.175024 -0.011200 -0.017201 0.999797 0.010534 11.843200 -0.174830 -0.013381 0.984508 -1.381700 0.000000 0.000000 0.000000 1.000000
0.984053 0.010754 0.177549 -0.011200 -0.013761 0.999782 0.015713 11.843200 -0.177341 -0.017906 0.983987 -1.381700 0.000000 0.000000 0.000000 1.000000
0.984062 0.012794 0.177362 -0.011200 -0.013812 0.999894 0.004511 11.843200 -0.177286 -0.006888 0.984135 -1.381700 0.000000 0.000000 0.000000 1.000000
0.984931 0.005816 0.172850 -0.011200 -0.002813 0.999841 -0.017615 11.843200 -0.172925 0.016863 0.984791 -1.381700 0.000000 0.000000 0.000000 1.000000
0.984846 -0.017102 0.172583 -0.011200 0.025727 0.998523 -0.047858 11.843200 -0.171510 0.051573 0.983832 -1.381700 0.000000 0.000000 0.000000 1.000000
0.982058 -0.042230 0.183792 -0.011200 0.057950 0.995027 -0.081018 11.843200 -0.179456 0.090215 0.979621 -1.381700 0.000000 0.000000 0.000000 1.000000
0.979359 -0.055166 0.194457 -0.011200 0.078001 0.990665 -0.111798 11.843200 -0.186474 0.124658 0.974519 -1.381700 0.000000 0.000000 0.000000 1.000000
0.978983 -0.066185 0.192902 -0.011200 0.093813 0.986007 -0.137805 11.843200 -0.181082 0.153006 0.971493 -1.381700 0.000000 0.000000 0.000000 1.000000
0.980030 -0.061457 0.189117 -0.011200 0.092747 0.982531 -0.161340 11.843200 -0.175898 0.175658 0.968609 -1.381700 0.000000 0.000000 0.000000 1.000000
0.981231 -0.057641 0.184019 -0.011200 0.092286 0.978270 -0.185661 11.843200 -0.169319 0.199159 0.965229 -1.381700 0.000000 0.000000 0.000000 1.000000
0.983308 -0.071172 0.167453 -0.011200 0.105960 0.972154 -0.209018 11.843200 -0.147914 0.223272 0.963468 -1.381700 0.000000 0.000000 0.000000 1.000000
0.984185 -0.099832 0.146332 -0.011200 0.131738 0.964742 -0.227857 11.843200 -0.118425 0.243531 0.962636 -1.381700 0.000000 0.000000 0.000000 1.000000
0.983976 -0.122072 0.129960 -0.011200 0.150696 0.958945 -0.240241 11.843200 -0.095297 0.255976 0.961974 -1.381700 0.000000 0.000000 0.000000 1.000000
0.984586 -0.127099 0.120150 -0.011200 0.153108 0.958417 -0.240822 11.843200 -0.084546 0.255506 0.963104 -1.381700 0.000000 0.000000 0.000000 1.000000
0.988373 -0.110388 0.104567 -0.011200 0.132448 0.962805 -0.235510 11.843200 -0.074680 0.246621 0.966230 -1.381700 0.000000 0.000000 0.000000 1.000000
0.992436 -0.091868 0.081428 -0.011200 0.108110 0.968300 -0.225183 11.843200 -0.058160 0.232283 0.970908 -1.381700 0.000000 0.000000 0.000000 1.000000
0.994379 -0.090721 0.054588 -0.011200 0.100075 0.973678 -0.204783 11.843200 -0.034573 0.209095 0.977284 -1.381700 0.000000 0.000000 0.000000 1.000000
0.993216 -0.111522 0.032943 -0.011200 0.115719 0.975810 -0.185481 11.843200 -0.011461 0.188035 0.982096 -1.381700 0.000000 0.000000 0.000000 1.000000
0.989505 -0.143915 0.013000 -0.011200 0.144034 0.975081 -0.168732 11.843200 0.011607 0.168833 0.985576 -1.381700 0.000000 0.000000 0.000000 1.000000
0.986061 -0.166319 -0.004679 -0.011200 0.163772 0.975158 -0.149150 11.843200 0.029369 0.146305 0.988804 -1.381700 0.000000 0.000000 0.000000 1.000000
0.984378 -0.175908 -0.007567 -0.011200 0.173560 0.976678 -0.126401 11.843200 0.029625 0.123113 0.991950 -1.381700 0.000000 0.000000 0.000000 1.000000
0.983715 -0.179427 0.010534 -0.011200 0.179654 0.979810 -0.087730 11.843200 0.005420 0.088194 0.996089 -1.381700 0.000000 0.000000 0.000000 1.000000
0.984897 -0.171135 0.026266 -0.011200 0.172048 0.984368 -0.037671 11.843200 -0.019409 0.041621 0.998945 -1.381700 0.000000 0.000000 0.000000 1.000000
0.986533 -0.155543 0.050590 -0.011200 0.154055 0.987540 0.032114 11.843200 -0.054955 -0.023887 0.998203 -1.381700 0.000000 0.000000 0.000000 1.000000
0.983452 -0.147915 0.104605 -0.011200 0.136980 0.984994 0.104992 11.843200 -0.118565 -0.088926 0.988956 -1.381700 0.000000 0.000000 0.000000 1.000000
0.972527 -0.131993 0.191752 -0.011200 0.102697 0.982492 0.155445 11.843200 -0.208912 -0.131482 0.969055 -1.381700 0.000000 0.000000 0.000000 1.000000
0.949556 -0.094297 0.299085 -0.011200 0.051902 0.987824 0.146664 11.843200 -0.309273 -0.123742 0.942888 -1.381700 0.000000 0.000000 0.000000 1.000000
0.916341 -0.063547 0.395324 -0.011200 0.026059 0.994697 0.099492 11.843200 -0.399550 -0.080867 0.913137 -1.381700 0.000000 0.000000 0.000000 1.000000
0.901166 -0.034808 0.432074 -0.011200 0.009387 0.998104 0.060828 11.843200 -0.433372 -0.050761 0.899784 -1.381700 0.000000 0.000000 0.000000 1.000000
0.904301 -0.013499 0.426682 -0.011200 -0.000031 0.999498 0.031686 11.843200 -0.426895 -0.028667 0.903847 -1.381700 0.000000 0.000000 0.000000 1.000000
0.908906 -0.012075 0.416827 -0.011200 0.000903 0.999635 0.026991 11.843200 -0.417001 -0.024156 0.908585 -1.381700 0.000000 0.000000 0.000000 1.000000
0.919197 -0.020031 0.393289 -0.011200 0.017215 0.999795 0.010687 11.843200 -0.393422 -0.003053 0.919353 -1.381700 0.000000 0.000000 0.000000 1.000000
0.927418 -0.017137 0.373633 -0.011200 0.032718 0.998838 -0.035399 11.843200 -0.372592 0.045054 0.926901 -1.381700 0.000000 0.000000 0.000000 1.000000
0.924988 0.000659 0.379997 -0.011200 0.033947 0.995857 -0.084360 11.843200 -0.378478 0.090932 0.921133 -1.381700 0.000000 0.000000 0.000000 1.000000
0.919992 0.033614 0.390493 -0.011200 0.015981 0.992270 -0.123066 11.843200 -0.391611 0.119460 0.912343 -1.381700 0.000000 0.000000 0.000000 1.000000
0.921680 0.063454 0.382726 -0.011200 -0.003941 0.988014 -0.154317 11.843200 -0.387930 0.140722 0.910883 -1.381700 0.000000 0.000000 0.000000 1.000000
0.930497 0.081956 0.357012 -0.011200 -0.016448 0.983014 -0.182792 11.843200 -0.365929 0.164215 0.916040 -1.381700 0.000000 0.000000 0.000000 1.000000
0.941334 0.087817 0.325850 -0.011200 -0.019746 0.978228 -0.206590 11.843200 -0.336898 0.188036 0.922574 -1.381700 0.000000 0.000000 0.000000 1.000000
0.950251 0.087630 0.298906 -0.011200 -0.020408 0.975065 -0.220980 11.843200 -0.310817 0.203886 0.928344 -1.381700 0.000000 0.000000 0.000000 1.000000
0.957627 0.087151 0.274509 -0.011200 -0.024229 0.974118 -0.224740 11.843200 -0.286990 0.208566 0.934953 -1.381700 0.000000 0.000000 0.000000 1.000000
0.965374 0.087369 0.245805 -0.011200 -0.030526 0.973609 -0.226174 11.843200 -0.259078 0.210839 0.942563 -1.381700 0.000000 0.000000 0.000000 1.000000
0.973859 0.094777 0.206439 -0.011200 -0.047595 0.973763 -0.222530 11.843200 -0.222113 0.206887 0.952819 -1.381700 0.000000 0.000000 0.000000 1.000000
0.978886 0.102112 0.177072 -0.011200 -0.061920 0.973711 -0.219207 11.843200 -0.194801 0.203615 0.959476 -1.381700 0.000000 0.000000 0.000000 1.000000
0.983299 0.096356 0.154396 -0.011200 -0.062405 0.975425 -0.211311 11.843200 -0.170963 0.198147 0.965147 -1.381700 0.000000 0.000000 0.000000 1.000000
0.987177 0.073645 0.141630 -0.011200 -0.047087 0.982085 -0.182460 11.843200 -0.152530 0.173451 0.972959 -1.381700 0.000000 0.000000 0.000000 1.000000
0.988778 0.052132 0.139999 -0.011200 -0.032678 0.989918 -0.137819 11.843200 -0.145772 0.131697 0.980513 -1.381700 0.000000 0.000000 0.000000 1.000000
0.990626 0.043067 0.129639 -0.011200 -0.029668 0.994180 -0.103569 11.843200 -0.133345 0.098752 0.986137 -1.381700 0.000000 0.000000 0.000000 1.000000
0.993801 0.035367 0.105400 -0.011200 -0.025474 0.995268 -0.093767 11.843200 -0.108218 0.090501 0.989999 -1.381700 0.000000 0.000000 0.000000 1.000000
0.995166 0.040608 0.089415 -0.011200 -0.032024 0.994921 -0.095429 11.843200 -0.092836 0.092104 0.991412 -1.381700 0.000000 0.000000 0.000000 1.000000
0.995474 0.038532 0.086878 -0.011200 -0.030789 0.995577 -0.088763 11.843200 -0.089914 0.085686 0.992257 -1.381700 0.000000 0.000000 0.000000 1.000000
0.996462 0.013661 0.082930 -0.011200 -0.007898 0.997555 -0.069436 11.843200 -0.083676 0.068536 0.994133 -1.381700 0.000000 0.000000 0.000000 1.000000
0.996914 -0.027395 0.073560 -0.011200 0.030838 0.998461 -0.046087 11.843200 -0.072185 0.048213 0.996225 -1.381700 0.000000 0.000000 0.000000 1.000000
0.996532 -0.060089 0.057561 -0.011200 0.061673 0.997754 -0.026151 11.843200 -0.055860 0.029610 0.997999 -1.381700 0.000000 0.000000 0.000000 1.000000
0.996869 -0.071247 0.034286 -0.011200 0.071793 0.997307 -0.014962 11.843200 -0.033128 0.017377 0.999300 -1.381700 0.000000 0.000000 0.000000 1.000000
0.998205 -0.059600 0.005922 -0.011200 0.059652 0.998179 -0.008982 11.843200 -0.005376 0.009319 0.999942 -1.381700 0.000000 0.000000 0.000000 1.000000
0.998872 -0.039530 -0.026321 -0.011200 0.039346 0.999198 -0.007470 11.843200 0.026595 0.006426 0.999626 -1.381700 0.000000 0.000000 0.000000 1.000000
0.998201 -0.028473 -0.052758 -0.011200 0.028037 0.999566 -0.009004 11.843200 0.052992 0.007508 0.998567 -1.381700 0.000000 0.000000 0.000000 1.000000
0.997072 -0.032476 -0.069226 -0.011200 0.031661 0.999416 -0.012840 11.843200 0.069603 0.010610 0.997518 -1.381700 0.000000 0.000000 0.000000 1.000000
0.996196 -0.042114 -0.076288 -0.011200 0.040926 0.999016 -0.017076 11.843200 0.076932 0.013888 0.996940 -1.381700 0.000000 0.000000 0.000000 1.000000
0.996232 -0.044450 -0.074470 -0.011200 0.043253 0.998909 -0.017607 11.843200 0.075171 0.014319 0.997068 -1.381700 0.000000 0.000000 0.000000 1.000000
0.996827 -0.040996 -0.068232 -0.011200 0.039950 0.999063 -0.016624 11.843200 0.068850 0.013845 0.997531 -1.381700 0.000000 0.000000 0.000000 1.000000</float_array>
        <technique_common>
          <accessor source="#mixamorig_Spine-Matrix-animation-output-transform-array" count="81" stride="16">
            <param type="float4x4"/>
          </accessor>
        </technique_common>
      </source>
      <source id="mixamorig_Spine-Interpolations">
        <Name_array id="mixamorig_Spine-Interpolations-array" count="81">
 LINEAR LINEAR LINEAR LINEAR LINEAR LINEAR LINEAR LINEAR LINEAR LINEAR LINEAR
LINEAR LINEAR LINEAR LINEAR LINEAR LINEAR LINEAR LINEAR LINEAR LINEAR LINEAR LINEAR
LINEAR LINEAR LINEAR LINEAR LINEAR LINEAR LINEAR LINEAR LINEAR LINEAR LINEAR LINEAR
LINEAR LINEAR LINEAR LINEAR LINEAR LINEAR LINEAR LINEAR LINEAR LINEAR LINEAR LINEAR
LINEAR LINEAR LINEAR LINEAR LINEAR LINEAR LINEAR LINEAR LINEAR LINEAR LINEAR LINEAR
LINEAR LINEAR LINEAR LINEAR LINEAR LINEAR LINEAR LINEAR LINEAR LINEAR LINEAR LINEAR
LINEAR LINEAR LINEAR LINEAR LINEAR LINEAR LINEAR LINEAR LINEAR LINEAR</Name_array>
        <technique_common>
          <accessor source="#mixamorig_Spine-Interpolations-array" count="81">
            <param type="name"/>
          </accessor>
        </technique_common>
      </source>
      <sampler id="mixamorig_Spine-Matrix-animation-transform">
        <input semantic="INPUT" source="#mixamorig_Spine-Matrix-animation-input"/>
        <input semantic="OUTPUT" source="#mixamorig_Spine-Matrix-animation-output-transform"/>
        <input semantic="INTERPOLATION" source="#mixamorig_Spine-Interpolations"/>
      </sampler>
      <channel source="#mixamorig_Spine-Matrix-animation-transform" target="mixamorig_Spine/matrix"/>
    </animation>
    <animation id="mixamorig_Spine1-anim" name="mixamorig_Spine1">
      <source id="mixamorig_Spine1-Matrix-animation-input">
        <float_array id="mixamorig_Spine1-Matrix-animation-input-array" count="81">

0.000000 0.033333 0.066667 0.100000 0.133333 0.166667 0.200000 0.233333 0.266667 0.300000 0.333333 0.366667 0.400000 0.433333 0.466667 0.500000
0.533333 0.566667 0.600000 0.633333 0.666667 0.700000 0.733333 0.766667 0.800000 0.833333 0.866667 0.900000 0.933333 0.966667 1.000000 1.033333
1.066667 1.100000 1.133333 1.166667 1.200000 1.233333 1.266667 1.300000 1.333333 1.366667 1.400000 1.433333 1.466667 1.500000 1.533333 1.566667
1.600000 1.633333 1.666667 1.700000 1.733333 1.766667 1.800000 1.833333 1.866667 1.900000 1.933333 1.966667 2.000000 2.033333 2.066667 2.100000
2.133333 2.166667 2.200000 2.233333 2.266667 2.300000 2.333333 2.366667 2.400000 2.433333 2.466667 2.500000 2.533333 2.566667 2.600000 2.633333
2.666667</float_array>
        <technique_common>
          <accessor source="#mixamorig_Spine1-Matrix-animation-input-array" count="81">
            <param name="TIME" type="float"/>
          </accessor>
        </technique_common>
      </source>
      <source id="mixamorig_Spine1-Matrix-animation-output-transform">
        <float_array id="mixamorig_Spine1-Matrix-animation-output-transform-array" count="1296">

0.999809 0.005962 -0.018589 0.000000 -0.007112 0.998024 -0.062434 14.033500 0.018180 0.062554 0.997876 0.000000 0.000000 0.000000 0.000000 1.000000
0.999798 0.012324 -0.015861 0.000000 -0.013413 0.997421 -0.070503 14.033500 0.014951 0.070701 0.997385 0.000000 0.000000 0.000000 0.000000 1.000000
0.999760 0.017289 -0.013480 -0.000000 -0.018321 0.996582 -0.080556 14.033500 0.012041 0.080783 0.996659 -0.000000 0.000000 0.000000 0.000000 1.000000
0.999768 0.018063 -0.011775 0.000000 -0.019078 0.995516 -0.092650 14.033500 0.010048 0.092853 0.995629 0.000000 0.000000 0.000000 0.000000 1.000000
0.999872 0.012709 -0.009742 -0.000000 -0.013669 0.994292 -0.105813 14.033500 0.008342 0.105933 0.994338 0.000000 0.000000 0.000000 0.000000 1.000000
0.999960 0.008362 -0.003152 -0.000000 -0.008679 0.992786 -0.119587 14.033500 0.002129 0.119609 0.992819 0.000000 0.000000 0.000000 0.000000 1.000000
0.999918 0.012462 -0.003032 -0.000000 -0.012752 0.991277 -0.131175 14.033500 0.001371 0.131203 0.991355 0.000000 0.000000 0.000000 0.000000 1.000000
0.999753 0.018294 -0.012628 0.000000 -0.019905 0.989636 -0.142215 14.033500 0.009896 0.142431 0.989755 0.000000 0.000000 0.000000 0.000000 1.000000
0.999477 0.030634 -0.010343 0.000000 -0.031858 0.987687 -0.153168 14.033500 0.005524 0.153417 0.988146 0.000000 0.000000 0.000000 0.000000 1.000000
0.999240 0.038878 0.002640 0.000000 -0.037944 0.986177 -0.161293 14.033500 -0.008874 0.161070 0.986903 -0.000000 0.000000 0.000000 0.000000 1.000000
0.999320 0.036211 0.006939 -0.000000 -0.034533 0.985189 -0.167958 14.033500 -0.012918 0.167604 0.985770 0.000000 0.000000 0.000000 0.000000 1.000000
0.999657 0.024946 0.007979 0.000000 -0.023175 0.984434 -0.174221 14.033500 -0.012200 0.173976 0.984674 -0.000000 0.000000 0.000000 0.000000 1.000000
0.999819 0.016389 0.009649 -0.000000 -0.014387 0.983578 -0.179908 14.033500 -0.012439 0.179737 0.983636 0.000000 0.000000 0.000000 0.000000 1.000000
0.999779 0.017195 0.012082 -0.000000 -0.014694 0.983001 -0.183012 14.033500 -0.015024 0.182794 0.983036 -0.000000 0.000000 0.000000 0.000000 1.000000
0.999537 0.027621 0.012762 0.000000 -0.024781 0.982371 -0.185294 14.033500 -0.017655 0.184892 0.982600 0.000000 0.000000 0.000000 0.000000 1.000000
0.999224 0.037425 0.012270 0.000000 -0.034494 0.981947 -0.185984 14.033500 -0.019009 0.185417 0.982476 0.000000 0.000000 0.000000 0.000000 1.000000
0.999163 0.039331 0.011279 -0.000000 -0.036595 0.982313 -0.183636 14.033500 -0.018302 0.183069 0.982930 0.000000 0.000000 0.000000 0.000000 1.000000
0.999326 0.033690 0.014586 -0.000000 -0.030553 0.983494 -0.178341 14.033500 -0.020353 0.177775 0.983861 0.000000 0.000000 0.000000 0.000000 1.000000
0.999385 0.027004 0.022387 0.000000 -0.022748 0.984767 -0.172384 14.033500 -0.026701 0.171768 0.984775 0.000000 0.000000 0.000000 0.000000 1.000000
0.999448 0.024658 0.022250 0.000000 -0.020688 0.986286 -0.163743 14.033500 -0.025982 0.163193 0.986252 -0.000000 0.000000 0.000000 0.000000 1.000000
0.999535 0.025764 0.016293 0.000000 -0.023045 0.988511 -0.149385 14.033500 -0.019954 0.148940 0.988645 -0.000000 0.000000 0.000000 0.000000 1.000000
0.999425 0.031581 0.012341 0.000000 -0.029689 0.990888 -0.131375 14.033500 -0.016377 0.130933 0.991256 0.000000 0.000000 0.000000 0.000000 1.000000
0.999480 0.032069 0.003482 0.000000 -0.031427 0.992385 -0.119101 14.033500 -0.007275 0.118930 0.992876 -0.000000 0.000000 0.000000 0.000000 1.000000
0.999543 0.027109 -0.013371 -0.000000 -0.028395 0.993759 -0.107870 14.033500 0.010364 0.108200 0.994075 0.000000 0.000000 0.000000 0.000000 1.000000
0.999542 0.012835 -0.027408 0.000000 -0.015441 0.995154 -0.097105 14.033500 0.026028 0.097484 0.994897 -0.000000 0.000000 0.000000 0.000000 1.000000
0.999153 0.001368 -0.041129 -0.000000 -0.004918 0.996255 -0.086325 14.033500 0.040856 0.086454 0.995418 -0.000000 0.000000 0.000000 0.000000 1.000000
0.998228 -0.000537 -0.059510 0.000000 -0.004011 0.997079 -0.076275 14.033500 0.059377 0.076378 0.995309 -0.000000 0.000000 0.000000 0.000000 1.000000
0.996280 -0.001211 -0.086167 0.000000 -0.004873 0.997509 -0.070368 14.033500 0.086038 0.070526 0.993793 -0.000000 0.000000 0.000000 0.000000 1.000000
0.994985 0.001977 -0.100006 -0.000000 -0.008530 0.997840 -0.065141 14.033500 0.099661 0.065668 0.992852 0.000000 0.000000 0.000000 0.000000 1.000000
0.994987 0.002856 -0.099962 0.000000 -0.008459 0.998413 -0.055670 14.033500 0.099644 0.056236 0.993433 -0.000000 0.000000 0.000000 0.000000 1.000000
0.994032 -0.003992 -0.109012 0.000000 -0.000940 0.998979 -0.045156 14.033500 0.109081 0.044989 0.993014 0.000000 0.000000 0.000000 0.000000 1.000000
0.992159 -0.018348 -0.123627 0.000000 0.013560 0.999129 -0.039461 14.033500 0.124243 0.037475 0.991544 0.000000 0.000000 0.000000 0.000000 1.000000
0.990717 -0.028714 -0.132877 -0.000000 0.024253 0.999090 -0.035072 14.033500 0.133763 0.031524 0.990512 0.000000 0.000000 0.000000 0.000000 1.000000
0.990178 -0.032047 -0.136093 0.000000 0.027974 0.999105 -0.031737 14.033500 0.136988 0.027619 0.990188 -0.000000 0.000000 0.000000 0.000000 1.000000
0.990245 -0.030163 -0.136030 -0.000000 0.027144 0.999344 -0.023995 14.033500 0.136665 0.020069 0.990414 0.000000 0.000000 0.000000 0.000000 1.000000
0.990551 -0.030006 -0.133823 -0.000000 0.028229 0.999487 -0.015156 14.033500 0.134209 0.011235 0.990889 0.000000 0.000000 0.000000 0.000000 1.000000
0.991276 -0.034985 -0.127075 -0.000000 0.033921 0.999369 -0.010527 14.033500 0.127363 0.006125 0.991837 0.000000 0.000000 0.000000 0.000000 1.000000
0.993148 -0.045689 -0.107564 -0.000000 0.044943 0.998946 -0.009349 14.033500 0.107877 0.004451 0.994154 -0.000000 0.000000 0.000000 0.000000 1.000000
0.995165 -0.056090 -0.080623 0.000000 0.055355 0.998403 -0.011327 14.033500 0.081130 0.006810 0.996680 0.000000 0.000000 0.000000 0.000000 1.000000
0.996508 -0.061485 -0.056484 0.000000 0.060941 0.998077 -0.011309 14.033500 0.057071 0.007828 0.998339 0.000000 0.000000 0.000000 0.000000 1.000000
0.997609 -0.058158 -0.037335 -0.000000 0.057808 0.998274 -0.010385 14.033500 0.037874 0.008202 0.999249 0.000000 0.000000 0.000000 0.000000 1.000000
0.998672 -0.049427 -0.014562 -0.000000 0.049220 0.998687 -0.014221 14.033500 0.015245 0.013485 0.999793 0.000000 0.000000 0.000000 0.000000 1.000000
0.998903 -0.046529 0.005221 0.000000 0.046616 0.998749 -0.018098 14.033500 -0.004373 0.018322 0.999823 0.000000 0.000000 0.000000 0.000000 1.000000
0.998351 -0.051197 0.025953 0.000000 0.052035 0.998110 -0.032697 14.033500 -0.024230 0.033993 0.999128 -0.000000 0.000000 0.000000 0.000000 1.000000
0.996493 -0.068953 0.047415 0.000000 0.071734 0.995635 -0.059708 14.033500 -0.043091 0.062900 0.997089 0.000000 0.000000 0.000000 0.000000 1.000000
0.995732 -0.076308 0.051921 -0.000000 0.080372 0.993444 -0.081302 14.033500 -0.045377 0.085128 0.995336 -0.000000 0.000000 0.000000 0.000000 1.000000
0.999046 -0.042872 0.008272 0.000000 0.043452 0.994827 -0.091817 14.033500 -0.004292 0.092089 0.995742 0.000000 0.000000 0.000000 0.000000 1.000000
0.999280 0.008750 -0.036921 0.000000 -0.012400 0.994929 -0.099817 14.033500 0.035860 0.100203 0.994321 -0.000000 0.000000 0.000000 0.000000 1.000000
0.998324 0.038231 -0.043454 0.000000 -0.043434 0.991092 -0.125900 14.033500 0.038254 0.127576 0.991091 0.000000 0.000000 0.000000 0.000000 1.000000
0.998326 0.047784 -0.032592 -0.000000 -0.052271 0.986588 -0.154633 14.033500 0.024766 0.156078 0.987434 0.000000 0.000000 0.000000 0.000000 1.000000
0.998376 0.048042 -0.030626 0.000000 -0.052372 0.985513 -0.161313 14.033500 0.022432 0.162655 0.986428 0.000000 0.000000 0.000000 0.000000 1.000000
0.998964 0.038277 -0.024598 0.000000 -0.041817 0.985432 -0.164851 14.033500 0.017930 0.165709 0.986012 -0.000000 0.000000 0.000000 0.000000 1.000000
0.999519 0.028454 -0.012369 0.000000 -0.030127 0.985358 -0.167814 14.033500 0.007413 0.168106 0.985741 -0.000000 0.000000 0.000000 0.000000 1.000000
