<?xml version="1.0" encoding="utf-8"?>
<COLLADA xmlns="http://www.collada.org/2005/11/COLLADASchema" version="1.4.1">
  <asset>
    <contributor>
      <author>Mixamo</author>
      <authoring_tool>COLLADA Mixamo exporter</authoring_tool>
      <comments/>
    </contributor>
    <created>2024-06-09T23:56:30Z</created>
    <modified>2024-06-09T23:56:30Z</modified>
    <revision/>
    <title/>
    <unit meter="0.010000"/>
    <up_axis>Y_UP</up_axis>
  </asset>
  <library_animations>
    <animation id="mixamorig_Hips-anim" name="mixamorig_Hips">
      <source id="mixamorig_Hips-Matrix-animation-input">
        <float_array id="mixamorig_Hips-Matrix-animation-input-array" count="25">

0.000000 0.033333 0.066667 0.100000 0.133333 0.166667 0.200000 0.233333 0.266667 0.300000 0.333333 0.366667 0.400000 0.433333 0.466667 0.500000
0.533333 0.566667 0.600000 0.633333 0.666667 0.700000 0.733333 0.766667 0.800000</float_array>
        <technique_common>
          <accessor source="#mixamorig_Hips-Matrix-animation-input-array" count="25">
            <param name="TIME" type="float"/>
          </accessor>
        </technique_common>
      </source>
      <source id="mixamorig_Hips-Matrix-animation-output-transform">
        <float_array id="mixamorig_Hips-Matrix-animation-output-transform-array" count="400">

0.997739 -0.055138 -0.038417 0.009200 0.049125 0.988515 -0.142914 113.310501 0.045856 0.140704 0.988989 0.004572 0.000000 0.000000 0.000000 1.000000
0.997729 -0.067330 -0.001890 0.854587 0.066213 0.985553 -0.155887 115.597725 0.012359 0.155407 0.987773 -1.510942 0.000000 0.000000 0.000000 1.000000
0.996630 -0.075418 0.032248 1.664987 0.079800 0.982457 -0.168554 117.853851 -0.018971 0.170559 0.985165 -1.844405 0.000000 0.000000 0.000000 1.000000
0.995293 -0.078174 0.057270 2.440616 0.087096 0.980715 -0.174962 119.518784 -0.042488 0.179127 0.982908 -1.950536 0.000000 0.000000 0.000000 1.000000
0.994232 -0.078361 0.073222 3.138945 0.089815 0.981485 -0.169175 120.118652 -0.058609 0.174776 0.982862 -2.201017 0.000000 0.000000 0.000000 1.000000
0.993770 -0.076377 0.081164 3.741181 0.087738 0.985213 -0.147166 119.572357 -0.068724 0.153371 0.985776 -2.458800 0.000000 0.000000 0.000000 1.000000
0.994501 -0.068066 0.079591 4.271325 0.077055 0.990262 -0.115946 118.002495 -0.070924 0.121442 0.990061 -2.469603 0.000000 0.000000 0.000000 1.000000
0.996081 -0.054405 0.069736 4.791947 0.060239 0.994603 -0.084476 115.562149 -0.064764 0.088345 0.993982 -2.210511 0.000000 0.000000 0.000000 1.000000
0.997436 -0.041865 0.058036 5.277544 0.045225 0.997301 -0.057845 112.963562 -0.055457 0.060322 0.996637 -2.111349 0.000000 0.000000 0.000000 1.000000
0.998310 -0.036330 0.045352 5.550245 0.038582 0.998012 -0.049827 110.929565 -0.043452 0.051493 0.997728 -2.601737 0.000000 0.000000 0.000000 1.000000
0.999410 -0.025397 0.023102 5.618453 0.026904 0.997359 -0.067463 110.371315 -0.021327 0.068045 0.997454 -3.132699 0.000000 0.000000 0.000000 1.000000
0.999803 -0.010962 -0.016567 5.408047 0.009009 0.993477 -0.113680 111.545593 0.017705 0.113509 0.993379 -3.555841 0.000000 0.000000 0.000000 1.000000
0.998038 0.011654 -0.061521 5.123448 -0.021671 0.986095 -0.164763 114.021744 0.058745 0.165773 0.984413 -3.570506 0.000000 0.000000 0.000000 1.000000
0.995456 0.027396 -0.091191 4.661234 -0.046021 0.976854 -0.208897 116.897263 0.083357 0.212145 0.973677 -2.695985 0.000000 0.000000 0.000000 1.000000
0.994869 0.032125 -0.095937 4.021302 -0.053785 0.971089 -0.232579 118.829788 0.085692 0.236546 0.967834 -2.343858 0.000000 0.000000 0.000000 1.000000
0.995875 0.024357 -0.087401 3.222562 -0.044631 0.970199 -0.238164 120.205193 0.078995 0.241083 0.967284 -3.901868 0.000000 0.000000 0.000000 1.000000
0.996553 0.011492 -0.082163 2.373319 -0.029800 0.973848 -0.225236 121.016602 0.077426 0.226908 0.970834 -4.047101 0.000000 0.000000 0.000000 1.000000
0.996352 0.002280 -0.085309 1.589708 -0.019474 0.979343 -0.201268 120.868561 0.083088 0.202195 0.975814 -4.203342 0.000000 0.000000 0.000000 1.000000
0.996119 -0.003086 -0.087964 0.899615 -0.012430 0.984436 -0.175303 119.437653 0.087135 0.175716 0.980577 -4.060542 0.000000 0.000000 0.000000 1.000000
0.996663 -0.008273 -0.081205 0.296983 -0.003618 0.989397 -0.145193 116.497025 0.081545 0.145003 0.986065 -3.604824 0.000000 0.000000 0.000000 1.000000
0.997796 -0.013626 -0.064948 -0.186991 0.006186 0.993529 -0.113406 113.339691 0.066073 0.112754 0.991424 -3.121223 0.000000 0.000000 0.000000 1.000000
0.998640 -0.016745 -0.049375 -0.493990 0.012427 0.996174 -0.086508 110.811310 0.050634 0.085777 0.995027 -2.928241 0.000000 0.000000 0.000000 1.000000
0.998913 -0.023259 -0.040387 -0.642336 0.019627 0.995917 -0.088112 109.749817 0.042271 0.087223 0.995292 -2.799181 0.000000 0.000000 0.000000 1.000000
0.998602 -0.033893 -0.040568 -0.344033 0.029007 0.992885 -0.115488 110.405792 0.044193 0.114149 0.992480 -1.707082 0.000000 0.000000 0.000000 1.000000
0.997739 -0.055138 -0.038417 0.009197 0.049125 0.988515 -0.142914 113.310501 0.045856 0.140704 0.988989 0.004562 0.000000 0.000000 0.000000 1.000000</float_array>
        <technique_common>
          <accessor source="#mixamorig_Hips-Matrix-animation-output-transform-array" count="25" stride="16">
            <param type="float4x4"/>
          </accessor>
        </technique_common>
      </source>
      <source id="mixamorig_Hips-Interpolations">
        <Name_array id="mixamorig_Hips-Interpolations-array" count="25">
 LINEAR LINEAR LINEAR LINEAR LINEAR LINEAR LINEAR LINEAR LINEAR LINEAR LINEAR
LINEAR LINEAR LINEAR LINEAR LINEAR LINEAR LINEAR LINEAR LINEAR LINEAR LINEAR LINEAR
LINEAR LINEAR</Name_array>
        <technique_common>
          <accessor source="#mixamorig_Hips-Interpolations-array" count="25">
            <param type="name"/>
          </accessor>
        </technique_common>
      </source>
      <sampler id="mixamorig_Hips-Matrix-animation-transform">
        <input semantic="INPUT" source="#mixamorig_Hips-Matrix-animation-input"/>
        <input semantic="OUTPUT" source="#mixamorig_Hips-Matrix-animation-output-transform"/>
        <input semantic="INTERPOLATION" source="#mixamorig_Hips-Interpolations"/>
      </sampler>
      <channel source="#mixamorig_Hips-Matrix-animation-transform" target="mixamorig_Hips/matrix"/>
    </animation>
    <animation id="mixamorig_Spine-anim" name="mixamorig_Spine">
      <source id="mixamorig_Spine-Matrix-animation-input">
        <float_array id="mixamorig_Spine-Matrix-animation-input-array" count="25">

0.000000 0.033333 0.066667 0.100000 0.133333 0.166667 0.200000 0.233333 0.266667 0.300000 0.333333 0.366667 0.400000 0.433333 0.466667 0.500000
0.533333 0.566667 0.600000 0.633333 0.666667 0.700000 0.733333 0.766667 0.800000</float_array>
        <technique_common>
          <accessor source="#mixamorig_Spine-Matrix-animation-input-array" count="25">
            <param name="TIME" type="float"/>
          </accessor>
        </technique_common>
      </source>
      <source id="mixamorig_Spine-Matrix-animation-output-transform">
        <float_array id="mixamorig_Spine-Matrix-animation-output-transform-array" count="400">

0.999456 -0.001393 0.032943 -0.011200 0.003749 0.997430 -0.071546 11.843200 -0.032759 0.071631 0.996893 -1.381700 0.000000 0.000000 0.000000 1.000000
0.999020 0.002049 0.044207 -0.011200 0.000781 0.997955 -0.063919 11.843200 -0.044248 0.063891 0.996975 -1.381700 0.000000 0.000000 0.000000 1.000000
0.998402 0.005124 0.056270 -0.011200 -0.001820 0.998279 -0.058618 11.843200 -0.056474 0.058422 0.996693 -1.381700 0.000000 0.000000 0.000000 1.000000
0.997743 0.007597 0.066710 -0.011200 -0.003756 0.998337 -0.057517 11.843200 -0.067036 0.057137 0.996113 -1.381700 0.000000 0.000000 0.000000 1.000000
0.997238 0.009777 0.073621 -0.011200 -0.005260 0.998105 -0.061302 11.843200 -0.074080 0.060745 0.995400 -1.381700 0.000000 0.000000 0.000000 1.000000
0.997007 0.011691 0.076420 -0.011200 -0.006403 0.997591 -0.069074 11.843200 -0.077044 0.068378 0.994680 -1.381700 0.000000 0.000000 0.000000 1.000000
0.997056 0.012486 0.075647 -0.011200 -0.006510 0.996874 -0.078742 11.843200 -0.076394 0.078018 0.994021 -1.381700 0.000000 0.000000 0.000000 1.000000
0.997419 0.012860 0.070640 -0.011200 -0.006572 0.996051 -0.088540 11.843200 -0.071500 0.087847 0.993565 -1.381700 0.000000 0.000000 0.000000 1.000000
0.998092 0.013981 0.060133 -0.011200 -0.008037 0.995157 -0.097972 11.843200 -0.061211 0.097302 0.993371 -1.381700 0.000000 0.000000 0.000000 1.000000
0.998891 0.016162 0.044232 -0.011200 -0.011498 0.994539 -0.103729 11.843200 -0.045667 0.103105 0.993622 -1.381700 0.000000 0.000000 0.000000 1.000000
0.999511 0.016587 0.026501 -0.011200 -0.013837 0.994816 -0.100747 11.843200 -0.028035 0.100331 0.994559 -1.381700 0.000000 0.000000 0.000000 1.000000
0.999851 0.014274 0.009660 -0.011200 -0.013376 0.996084 -0.087393 11.843200 -0.010870 0.087251 0.996127 -1.381700 0.000000 0.000000 0.000000 1.000000
0.999950 0.007703 -0.006300 -0.011200 -0.008121 0.997560 -0.069335 11.843200 0.005750 0.069383 0.997574 -1.381700 0.000000 0.000000 0.000000 1.000000
0.999740 0.000036 -0.022804 -0.011200 -0.001266 0.998543 -0.053942 11.843200 0.022769 0.053957 0.998284 -1.381700 0.000000 0.000000 0.000000 1.000000
0.999259 -0.006346 -0.037956 -0.011200 0.004547 0.998871 -0.047291 11.843200 0.038214 0.047083 0.998160 -1.381700 0.000000 0.000000 0.000000 1.000000
0.998778 -0.009817 -0.048433 -0.011200 0.007502 0.998831 -0.047748 11.843200 0.048845 0.047326 0.997685 -1.381700 0.000000 0.000000 0.000000 1.000000
0.998591 -0.010810 -0.051961 -0.011200 0.008104 0.998614 -0.052009 11.843200 0.052451 0.051514 0.997294 -1.381700 0.000000 0.000000 0.000000 1.000000
0.998669 -0.011259 -0.050332 -0.011200 0.008399 0.998357 -0.056679 11.843200 0.050887 0.056181 0.997123 -1.381700 0.000000 0.000000 0.000000 1.000000
0.998859 -0.012021 -0.046221 -0.011200 0.009198 0.998107 -0.060816 11.843200 0.046865 0.060322 0.997078 -1.381700 0.000000 0.000000 0.000000 1.000000
0.999089 -0.012487 -0.040812 -0.011200 0.009710 0.997669 -0.067544 11.843200 0.041560 0.067086 0.996881 -1.381700 0.000000 0.000000 0.000000 1.000000
0.999359 -0.013293 -0.033226 -0.011200 0.010679 0.996923 -0.077660 11.843200 0.034156 0.077255 0.996426 -1.381700 0.000000 0.000000 0.000000 1.000000
0.999661 -0.014532 -0.021625 -0.011200 0.012564 0.995996 -0.088509 11.843200 0.022825 0.088207 0.995841 -1.381700 0.000000 0.000000 0.000000 1.000000
0.999875 -0.014429 -0.006429 -0.011200 0.013787 0.995785 -0.090680 11.843200 0.007710 0.090580 0.995859 -1.381700 0.000000 0.000000 0.000000 1.000000
0.999846 -0.010851 0.013764 -0.011200 0.011963 0.996444 -0.083405 11.843200 -0.012810 0.083557 0.996421 -1.381700 0.000000 0.000000 0.000000 1.000000
0.999456 -0.001391 0.032944 -0.011200 0.003747 0.997430 -0.071552 11.843200 -0.032759 0.071637 0.996893 -1.381700 0.000000 0.000000 0.000000 1.000000</float_array>
        <technique_common>
          <accessor source="#mixamorig_Spine-Matrix-animation-output-transform-array" count="25" stride="16">
            <param type="float4x4"/>
          </accessor>
        </technique_common>
      </source>
      <source id="mixamorig_Spine-Interpolations">
        <Name_array id="mixamorig_Spine-Interpolations-array" count="25">
 LINEAR LINEAR LINEAR LINEAR LINEAR LINEAR LINEAR LINEAR LINEAR LINEAR LINEAR
LINEAR LINEAR LINEAR LINEAR LINEAR LINEAR LINEAR LINEAR LINEAR LINEAR LINEAR LINEAR
LINEAR LINEAR</Name_array>
        <technique_common>
          <accessor source="#mixamorig_Spine-Interpolations-array" count="25">
            <param type="name"/>
          </accessor>
        </technique_common>
      </source>
      <sampler id="mixamorig_Spine-Matrix-animation-transform">
        <input semantic="INPUT" source="#mixamorig_Spine-Matrix-animation-input"/>
        <input semantic="OUTPUT" source="#mixamorig_Spine-Matrix-animation-output-transform"/>
        <input semantic="INTERPOLATION" source="#mixamorig_Spine-Interpolations"/>
      </sampler>
      <channel source="#mixamorig_Spine-Matrix-animation-transform" target="mixamorig_Spine/matrix"/>
    </animation>
    <animation id="mixamorig_Spine1-anim" name="mixamorig_Spine1">
      <source id="mixamorig_Spine1-Matrix-animation-input">
        <float_array id="mixamorig_Spine1-Matrix-animation-input-array" count="25">

0.000000 0.033333 0.066667 0.100000 0.133333 0.166667 0.200000 0.233333 0.266667 0.300000 0.333333 0.366667 0.400000 0.433333 0.466667 0.500000
0.533333 0.566667 0.600000 0.633333 0.666667 0.700000 0.733333 0.766667 0.800000</float_array>
        <technique_common>
          <accessor source="#mixamorig_Spine1-Matrix-animation-input-array" count="25">
            <param name="TIME" type="float"/>
          </accessor>
        </technique_common>
      </source>
      <source id="mixamorig_Spine1-Matrix-animation-output-transform">
        <float_array id="mixamorig_Spine1-Matrix-animation-output-transform-array" count="400">

0.997818 0.003356 0.065939 0.000000 0.007044 0.987596 -0.156858 14.033500 -0.065647 0.156980 0.985418 0.000000 0.000000 0.000000 0.000000 1.000000
0.996061 0.010747 0.088021 0.000000 0.001855 0.989886 -0.141853 14.033500 -0.088655 0.141457 0.985967 0.000000 0.000000 0.000000 0.000000 1.000000
0.993593 0.017113 0.111717 0.000000 -0.002291 0.991317 -0.131475 14.033500 -0.112997 0.130377 0.985004 0.000000 0.000000 0.000000 0.000000 1.000000
0.990974 0.022215 0.132200 -0.000000 -0.004971 0.991585 -0.129364 14.033500 -0.133961 0.127539 0.982745 0.000000 0.000000 0.000000 0.000000 1.000000
0.988979 0.026539 0.145660 -0.000000 -0.006417 0.990563 -0.136911 14.033500 -0.147919 0.134467 0.979816 -0.000000 0.000000 0.000000 0.000000 1.000000
0.988079 0.030382 0.150921 -0.000000 -0.007125 0.988307 -0.152309 14.033500 -0.153784 0.149418 0.976742 0.000000 0.000000 0.000000 0.000000 1.000000
0.988308 0.032255 0.149020 0.000000 -0.006311 0.985184 -0.171386 14.033500 -0.152340 0.168441 0.973869 -0.000000 0.000000 0.000000 0.000000 1.000000
0.989785 0.032977 0.138704 0.000000 -0.005983 0.981632 -0.190688 14.033500 -0.142444 0.187911 0.971802 0.000000 0.000000 0.000000 0.000000 1.000000
0.992473 0.034593 0.117473 0.000000 -0.009305 0.977802 -0.209323 14.033500 -0.122107 0.206655 0.970765 0.000000 0.000000 0.000000 0.000000 1.000000
0.995629 0.037456 0.085562 0.000000 -0.017716 0.975170 -0.220747 14.033500 -0.091706 0.218266 0.971571 0.000000 0.000000 0.000000 0.000000 1.000000
0.998068 0.036296 0.050435 0.000000 -0.024651 0.976344 -0.214813 14.033500 -0.057039 0.213155 0.975352 0.000000 0.000000 0.000000 0.000000 1.000000
0.999404 0.029737 0.017533 0.000000 -0.025909 0.981765 -0.188324 14.033500 -0.022813 0.187758 0.981950 0.000000 0.000000 0.000000 0.000000 1.000000
0.999795 0.015233 -0.013336 0.000000 -0.017090 0.988164 -0.152449 14.033500 0.010856 0.152645 0.988221 0.000000 0.000000 0.000000 0.000000 1.000000
0.998962 -0.000745 -0.045548 -0.000000 -0.004817 0.992532 -0.121888 14.033500 0.045299 0.121980 0.991498 0.000000 0.000000 0.000000 0.000000 1.000000
0.997063 -0.013724 -0.075343 0.000000 0.005463 0.994051 -0.108781 14.033500 0.076388 0.108050 0.991206 0.000000 0.000000 0.000000 0.000000 1.000000
0.995164 -0.020704 -0.096020 -0.000000 0.010085 0.993904 -0.109784 14.033500 0.097708 0.108285 0.989307 0.000000 0.000000 0.000000 0.000000 1.000000
0.994423 -0.022566 -0.103026 0.000000 0.010281 0.992930 -0.118252 14.033500 0.104966 0.116534 0.987624 0.000000 0.000000 0.000000 0.000000 1.000000
0.994748 -0.023019 -0.099729 -0.000000 0.010168 0.991787 -0.127500 14.033500 0.101845 0.125816 0.986812 -0.000000 0.000000 0.000000 0.000000 1.000000
0.995533 -0.023937 -0.091332 0.000000 0.011370 0.990684 -0.135708 14.033500 0.093729 0.134063 0.986530 0.000000 0.000000 0.000000 0.000000 1.000000
0.996467 -0.024655 -0.080289 -0.000000 0.012454 0.988750 -0.149061 14.033500 0.083061 0.147535 0.985563 -0.000000 0.000000 0.000000 0.000000 1.000000
0.997554 -0.025948 -0.064905 -0.000000 0.014631 0.985489 -0.169105 14.033500 0.068351 0.167742 0.983459 0.000000 0.000000 0.000000 0.000000 1.000000
0.998759 -0.027547 -0.041496 0.000000 0.019155 0.981496 -0.190524 14.033500 0.045976 0.189492 0.980805 -0.000000 0.000000 0.000000 0.000000 1.000000
0.999605 -0.025782 -0.011197 0.000000 0.023111 0.980588 -0.194713 14.033500 0.015999 0.194377 0.980796 0.000000 0.000000 0.000000 0.000000 1.000000
0.999450 -0.016786 0.028589 0.000000 0.021672 0.983387 -0.180222 14.033500 -0.025089 0.180742 0.983210 -0.000000 0.000000 0.000000 0.000000 1.000000
0.997818 0.003361 0.065938 0.000000 0.007039 0.987595 -0.156868 14.033500 -0.065647 0.156990 0.985416 0.000000 0.000000 0.000000 0.000000 1.000000</float_array>
        <technique_common>
          <accessor source="#mixamorig_Spine1-Matrix-animation-output-transform-array" count="25" stride="16">
            <param type="float4x4"/>
          </accessor>
        </technique_common>
      </source>
      <source id="mixamorig_Spine1-Interpolations">
        <Name_array id="mixamorig_Spine1-Interpolations-array" count="25">
 LINEAR LINEAR LINEAR LINEAR LINEAR LINEAR LINEAR LINEAR LINEAR LINEAR LINEAR
LINEAR LINEAR LINEAR LINEAR LINEAR LINEAR LINEAR LINEAR LINEAR LINEAR LINEAR LINEAR
LINEAR LINEAR</Name_array>
        <technique_common>
          <accessor source="#mixamorig_Spine1-Interpolations-array" count="25">
            <param type="name"/>
          </accessor>
        </technique_common>
      </source>
      <sampler id="mixamorig_Spine1-Matrix-animation-transform">
        <input semantic="INPUT" source="#mixamorig_Spine1-Matrix-animation-input"/>
        <input semantic="OUTPUT" source="#mixamorig_Spine1-Matrix-animation-output-transform"/>
        <input semantic="INTERPOLATION" source="#mixamorig_Spine1-Interpolations"/>
      </sampler>
      <channel source="#mixamorig_Spine1-Matrix-animation-transform" target="mixamorig_Spine1/matrix"/>
    </animation>
    <animation id="mixamorig_Spine2-anim" name="mixamorig_Spine2">
      <source id="mixamorig_Spine2-Matrix-animation-input">
        <float_array id="mixamorig_Spine2-Matrix-animation-input-array" count="25">

0.000000 0.033333 0.066667 0.100000 0.133333 0.166667 0.200000 0.233333 0.266667 0.300000 0.333333 0.366667 0.400000 0.433333 0.466667 0.500000
0.533333 0.566667 0.600000 0.633333 0.666667 0.700000 0.733333 0.766667 0.800000</float_array>
        <technique_common>
          <accessor source="#mixamorig_Spine2-Matrix-animation-input-array" count="25">
            <param name="TIME" type="float"/>
          </accessor>
        </technique_common>
      </source>
      <source id="mixamorig_Spine2-Matrix-animation-output-transform">
        <float_array id="mixamorig_Spine2-Matrix-animation-output-transform-array" count="400">

0.997818 -0.000654 0.066021 0.000000 0.007070 0.995260 -0.096993 15.977800 -0.065645 0.097248 0.993093 0.000000 0.000000 0.000000 0.000000 1.000000
0.996061 0.005383 0.088511 0.000000 0.001890 0.996641 -0.081876 15.977800 -0.088655 0.081721 0.992704 0.000000 0.000000 0.000000 0.000000 1.000000
0.993593 0.010298 0.112551 0.000000 -0.002246 0.997443 -0.071430 15.977800 -0.112999 0.070720 0.991075 0.000000 0.000000 0.000000 0.000000 1.000000
0.990974 0.014147 0.133305 0.000000 -0.004918 0.997583 -0.069305 15.977800 -0.133964 0.068024 0.988649 0.000000 0.000000 0.000000 0.000000 1.000000
0.988979 0.017646 0.147003 0.000000 -0.006359 0.997019 -0.076900 15.977800 -0.147922 0.075118 0.986142 0.000000 0.000000 0.000000 0.000000 1.000000
0.988079 0.021162 0.152488 -0.000000 -0.007065 0.995696 -0.092405 15.977800 -0.153787 0.090227 0.983976 0.000000 0.000000 0.000000 0.000000 1.000000
0.988308 0.023148 0.150704 0.000000 -0.006252 0.993729 -0.111636 15.977800 -0.152343 0.109389 0.982255 0.000000 0.000000 0.000000 0.000000 1.000000
0.989785 0.024494 0.140450 -0.000000 -0.005927 0.991349 -0.131118 15.977800 -0.142447 0.128946 0.981367 0.000000 0.000000 0.000000 0.000000 1.000000
0.992473 0.027396 0.119357 -0.000000 -0.009258 0.988650 -0.149951 15.977800 -0.122110 0.147718 0.981462 0.000000 0.000000 0.000000 0.000000 1.000000
0.995629 0.032192 0.087679 0.000000 -0.017680 0.986712 -0.161515 15.977800 -0.091713 0.159259 0.982968 0.000000 0.000000 0.000000 0.000000 1.000000
0.998068 0.033167 0.052546 -0.000000 -0.024628 0.987525 -0.155521 15.977800 -0.057049 0.153927 0.986434 -0.000000 0.000000 0.000000 0.000000 1.000000
0.999404 0.028618 0.019306 0.000000 -0.025900 0.991338 -0.128755 15.977800 -0.022824 0.128178 0.991489 -0.000000 0.000000 0.000000 0.000000 1.000000
0.999795 0.016015 -0.012387 0.000000 -0.017094 0.995561 -0.092558 15.977800 0.010849 0.092751 0.995630 0.000000 0.000000 0.000000 0.000000 1.000000
0.998962 0.002022 -0.045509 -0.000000 -0.004835 0.998078 -0.061789 15.977800 0.045297 0.061945 0.997051 0.000000 0.000000 0.000000 0.000000 1.000000
0.997063 -0.009124 -0.076037 0.000000 0.005433 0.998803 -0.048614 15.977800 0.076390 0.048058 0.995919 -0.000000 0.000000 0.000000 0.000000 1.000000
0.995164 -0.014836 -0.097100 0.000000 0.010047 0.998717 -0.049623 15.977800 0.097711 0.048408 0.994037 0.000000 0.000000 0.000000 0.000000 1.000000
0.994423 -0.016269 -0.104206 -0.000000 0.010240 0.998256 -0.058134 15.977800 0.104970 0.056743 0.992855 0.000000 0.000000 0.000000 0.000000 1.000000
0.994748 -0.016922 -0.100942 0.000000 0.010128 0.997672 -0.067434 15.977800 0.101849 0.066058 0.992604 0.000000 0.000000 0.000000 0.000000 1.000000
0.995533 -0.018347 -0.092616 0.000000 0.011333 0.997067 -0.075694 15.977800 0.093734 0.074306 0.992821 0.000000 0.000000 0.000000 0.000000 1.000000
0.996467 -0.019734 -0.081638 0.000000 0.012421 0.995942 -0.089141 15.977800 0.083066 0.087812 0.992668 -0.000000 0.000000 0.000000 0.000000 1.000000
0.997554 -0.021959 -0.066360 -0.000000 0.014604 0.993897 -0.109345 15.977800 0.068356 0.108108 0.991786 0.000000 0.000000 0.000000 0.000000 1.000000
0.998759 -0.024976 -0.043092 -0.000000 0.019137 0.991202 -0.130966 15.977800 0.045984 0.129979 0.990450 0.000000 0.000000 0.000000 0.000000 1.000000
0.999605 -0.025055 -0.012741 0.000000 0.023104 0.990549 -0.135202 15.977800 0.016008 0.134854 0.990736 0.000000 0.000000 0.000000 0.000000 1.000000
0.999450 -0.018491 0.027517 0.000000 0.021682 0.992468 -0.120569 15.977800 -0.025081 0.121099 0.992324 -0.000000 0.000000 0.000000 0.000000 1.000000
0.997818 -0.000649 0.066021 0.000000 0.007065 0.995259 -0.097003 15.977800 -0.065645 0.097257 0.993092 0.000000 0.000000 0.000000 0.000000 1.000000</float_array>
        <technique_common>
          <accessor source="#mixamorig_Spine2-Matrix-animation-output-transform-array" count="25" stride="16">
            <param type="float4x4"/>
          </accessor>
        </technique_common>
      </source>
      <source id="mixamorig_Spine2-Interpolations">
        <Name_array id="mixamorig_Spine2-Interpolations-array" count="25">
 LINEAR LINEAR LINEAR LINEAR LINEAR LINEAR LINEAR LINEAR LINEAR LINEAR LINEAR
LINEAR LINEAR LINEAR LINEAR LINEAR LINEAR LINEAR LINEAR LINEAR LINEAR LINEAR LINEAR
LINEAR LINEAR</Name_array>
        <technique_common>
          <accessor source="#mixamorig_Spine2-Interpolations-array" count="25">
            <param type="name"/>
          </accessor>
        </technique_common>
      </source>
      <sampler id="mixamorig_Spine2-Matrix-animation-transform">
        <input semantic="INPUT" source="#mixamorig_Spine2-Matrix-animation-input"/>
        <input semantic="OUTPUT" source="#mixamorig_Spine2-Matrix-animation-output-transform"/>
        <input semantic="INTERPOLATION" source="#mixamorig_Spine2-Interpolations"/>
      </sampler>
      <channel source="#mixamorig_Spine2-Matrix-animation-transform" target="mixamorig_Spine2/matrix"/>
    </animation>
    <animation id="mixamorig_Neck-anim" name="mixamorig_Neck">
      <source id="mixamorig_Neck-Matrix-animation-input">
        <float_array id="mixamorig_Neck-Matrix-animation-input-array" count="25">

0.000000 0.033333 0.066667 0.100000 0.133333 0.166667 0.200000 0.233333 0.266667 0.300000 0.333333 0.366667 0.400000 0.433333 0.466667 0.500000
0.533333 0.566667 0.600000 0.633333 0.666667 0.700000 0.733333 0.766667 0.800000</float_array>
        <technique_common>
          <accessor source="#mixamorig_Neck-Matrix-animation-input-array" count="25">
            <param name="TIME" type="float"/>
          </accessor>
        </technique_common>
      </source>
      <source id="mixamorig_Neck-Matrix-animation-output-transform">
        <float_array id="mixamorig_Neck-Matrix-animation-output-transform-array" count="400">

0.997131 0.057347 -0.049413 -0.000000 -0.038381 0.945633 0.322962 18.570900 0.065247 -0.320139 0.945121 1.490300 0.000000 0.000000 0.000000 1.000000
0.992937 0.089737 -0.077614 0.000000 -0.061611 0.949040 0.309075 18.570900 0.101394 -0.302110 0.947865 1.490300 0.000000 0.000000 0.000000 1.000000
0.986852 0.119014 -0.109360 0.000000 -0.081290 0.950277 0.300609 18.570900 0.139699 -0.287767 0.947457 1.490300 0.000000 0.000000 0.000000 1.000000
0.980527 0.140634 -0.137069 0.000000 -0.094849 0.950306 0.296517 18.570900 0.171958 -0.277742 0.945140 1.490300 0.000000 0.000000 0.000000 1.000000
0.975584 0.155226 -0.155373 0.000000 -0.105075 0.951106 0.290441 18.570900 0.192860 -0.267024 0.944195 1.490300 0.000000 0.000000 0.000000 1.000000
0.973725 0.156610 -0.165329 -0.000000 -0.106994 0.955489 0.274943 18.570900 0.201029 -0.250030 0.947139 1.490300 0.000000 0.000000 0.000000 1.000000
0.974848 0.148147 -0.166506 -0.000000 -0.100802 0.959395 0.263439 18.570900 0.198772 -0.240029 0.950198 1.490300 0.000000 0.000000 0.000000 1.000000
0.978389 0.132415 -0.158812 0.000000 -0.085472 0.958354 0.272494 18.570900 0.188281 -0.253031 0.948960 1.490300 0.000000 0.000000 0.000000 1.000000
0.982792 0.118456 -0.141733 -0.000000 -0.068688 0.946641 0.314886 18.570900 0.171471 -0.299732 0.938487 1.490300 0.000000 0.000000 0.000000 1.000000
0.988168 0.110635 -0.106223 0.000000 -0.063519 0.925599 0.373138 18.570900 0.139602 -0.361976 0.921675 1.490300 0.000000 0.000000 0.000000 1.000000
0.993818 0.093411 -0.060000 0.000000 -0.061041 0.911170 0.407484 18.570900 0.092734 -0.401302 0.911239 1.490300 0.000000 0.000000 0.000000 1.000000
0.997890 0.064824 -0.003787 0.000000 -0.057557 0.910010 0.410572 18.570900 0.030061 -0.409487 0.911820 1.490300 0.000000 0.000000 0.000000 1.000000
0.998426 0.024804 0.050304 0.000000 -0.042306 0.921904 0.385102 18.570900 -0.036824 -0.386624 0.921502 1.490300 0.000000 0.000000 0.000000 1.000000
0.995181 -0.012154 0.097296 0.000000 -0.023804 0.932653 0.359988 18.570900 -0.095118 -0.360569 0.927870 1.490300 0.000000 0.000000 0.000000 1.000000
0.990614 -0.038546 0.131141 0.000000 -0.009881 0.936712 0.349962 18.570900 -0.136331 -0.347973 0.927539 1.490300 0.000000 0.000000 0.000000 1.000000
0.987003 -0.052082 0.152028 0.000000 -0.004476 0.936750 0.349970 18.570900 -0.160639 -0.346102 0.924342 1.490300 0.000000 0.000000 0.000000 1.000000
0.985300 -0.057449 0.160882 0.000000 -0.001305 0.939200 0.343368 18.570900 -0.170827 -0.338530 0.925319 1.490300 0.000000 0.000000 0.000000 1.000000
0.985134 -0.056086 0.162372 0.000000 0.000717 0.946535 0.322601 18.570900 -0.171785 -0.317689 0.932504 1.490300 0.000000 0.000000 0.000000 1.000000
0.986287 -0.047821 0.157962 0.000000 -0.001218 0.954968 0.296705 18.570900 -0.165037 -0.292828 0.941814 1.490300 0.000000 0.000000 0.000000 1.000000
0.989666 -0.038270 0.138190 -0.000000 -0.002504 0.958967 0.283506 18.570900 -0.143370 -0.280922 0.948961 1.490300 0.000000 0.000000 0.000000 1.000000
0.994143 -0.027339 0.104554 -0.000000 -0.005010 0.954771 0.297300 18.570900 -0.107953 -0.296083 0.949042 1.490300 0.000000 0.000000 0.000000 1.000000
0.997861 -0.012956 0.064077 -0.000000 -0.008454 0.946358 0.323009 18.570900 -0.064825 -0.322859 0.944224 1.490300 0.000000 0.000000 0.000000 1.000000
0.999589 0.009461 0.027075 -0.000000 -0.018066 0.940909 0.338178 18.570900 -0.022276 -0.338528 0.940693 1.490300 0.000000 0.000000 0.000000 1.000000
0.999335 0.034780 -0.010986 0.000000 -0.029106 0.941955 0.334475 18.570900 0.021981 -0.333933 0.942341 1.490300 0.000000 0.000000 0.000000 1.000000
0.997131 0.057335 -0.049416 0.000000 -0.038368 0.945631 0.322971 18.570900 0.065247 -0.320148 0.945118 1.490300 0.000000 0.000000 0.000000 1.000000</float_array>
        <technique_common>
          <accessor source="#mixamorig_Neck-Matrix-animation-output-transform-array" count="25" stride="16">
            <param type="float4x4"/>
          </accessor>
        </technique_common>
      </source>
      <source id="mixamorig_Neck-Interpolations">
        <Name_array id="mixamorig_Neck-Interpolations-array" count="25">
 LINEAR LINEAR LINEAR LINEAR LINEAR LINEAR LINEAR LINEAR LINEAR LINEAR LINEAR
LINEAR LINEAR LINEAR LINEAR LINEAR LINEAR LINEAR LINEAR LINEAR LINEAR LINEAR LINEAR
LINEAR LINEAR</Name_array>
        <technique_common>
          <accessor source="#mixamorig_Neck-Interpolations-array" count="25">
            <param type="name"/>
          </accessor>
        </technique_common>
      </source>
      <sampler id="mixamorig_Neck-Matrix-animation-transform">
        <input semantic="INPUT" source="#mixamorig_Neck-Matrix-animation-input"/>
        <input semantic="OUTPUT" source="#mixamorig_Neck-Matrix-animation-output-transform"/>
        <input semantic="INTERPOLATION" source="#mixamorig_Neck-Interpolations"/>
      </sampler>
      <channel source="#mixamorig_Neck-Matrix-animation-transform" target="mixamorig_Neck/matrix"/>
    </animation>
    <animation id="mixamorig_Head-anim" name="mixamorig_Head">
      <source id="mixamorig_Head-Matrix-animation-input">
        <float_array id="mixamorig_Head-Matrix-animation-input-array" count="25">

0.000000 0.033333 0.066667 0.100000 0.133333 0.166667 0.200000 0.233333 0.266667 0.300000 0.333333 0.366667 0.400000 0.433333 0.466667 0.500000
0.533333 0.566667 0.600000 0.633333 0.666667 0.700000 0.733333 0.766667 0.800000</float_array>
        <technique_common>
          <accessor source="#mixamorig_Head-Matrix-animation-input-array" count="25">
            <param name="TIME" type="float"/>
          </accessor>
        </technique_common>
      </source>
      <source id="mixamorig_Head-Matrix-animation-output-transform">
        <float_array id="mixamorig_Head-Matrix-animation-output-transform-array" count="400">

0.997488 0.026936 -0.065514 0.000000 -0.024426 0.998948 0.038814 9.403800 0.066491 -0.037116 0.997096 3.045500 0.000000 0.000000 0.000000 1.000000
0.993868 -0.005541 -0.110431 0.000000 0.007180 0.999870 0.014451 9.403800 0.110337 -0.015156 0.993779 3.045500 0.000000 0.000000 0.000000 1.000000
0.987692 -0.030391 -0.153430 -0.000000 0.029829 0.999537 -0.005968 9.403800 0.153540 0.001318 0.988142 3.045500 0.000000 0.000000 0.000000 1.000000
0.981222 -0.047389 -0.186969 0.000000 0.044630 0.998824 -0.018942 9.403800 0.187647 0.010242 0.982183 3.045500 0.000000 0.000000 0.000000 1.000000
0.975956 -0.060424 -0.209426 -0.000000 0.057996 0.998160 -0.017720 9.403800 0.210111 0.005148 0.977664 3.045500 0.000000 0.000000 0.000000 1.000000
0.973483 -0.067719 -0.218508 0.000000 0.069378 0.997590 -0.000082 9.403800 0.217987 -0.015080 0.975835 3.045500 0.000000 0.000000 0.000000 1.000000
0.973620 -0.073700 -0.215946 -0.000000 0.080240 0.996540 0.021661 9.403800 0.213602 -0.038417 0.976165 3.045500 0.000000 0.000000 0.000000 1.000000
0.976168 -0.080044 -0.201713 0.000000 0.089430 0.995274 0.037839 9.403800 0.197731 -0.054976 0.978713 3.045500 0.000000 0.000000 0.000000 1.000000
0.980301 -0.086809 -0.177407 -0.000000 0.096878 0.994095 0.048892 9.403800 0.172115 -0.065116 0.982922 3.045500 0.000000 0.000000 0.000000 1.000000
0.985171 -0.092466 -0.144530 -0.000000 0.100975 0.993494 0.052675 9.403800 0.138719 -0.066488 0.988097 3.045500 0.000000 0.000000 0.000000 1.000000
0.990418 -0.093719 -0.101431 -0.000000 0.098310 0.994301 0.041240 9.403800 0.096988 -0.050817 0.993987 3.045500 0.000000 0.000000 0.000000 1.000000
0.996009 -0.078775 -0.041958 -0.000000 0.079863 0.996494 0.024931 9.403800 0.039847 -0.028182 0.998808 3.045500 0.000000 0.000000 0.000000 1.000000
0.998766 -0.043192 0.024530 0.000000 0.043051 0.999053 0.006273 9.403800 -0.024778 -0.005209 0.999679 3.045500 0.000000 0.000000 0.000000 1.000000
0.996531 -0.006165 0.082995 -0.000000 0.007149 0.999908 -0.011564 9.403800 -0.082916 0.012118 0.996483 3.045500 0.000000 0.000000 0.000000 1.000000
0.992131 0.017509 0.123973 0.000000 -0.014941 0.999655 -0.021612 9.403800 -0.124309 0.019590 0.992050 3.045500 0.000000 0.000000 0.000000 1.000000
0.988948 0.027159 0.145751 -0.000000 -0.023707 0.999397 -0.025373 9.403800 -0.146352 0.021637 0.988996 3.045500 0.000000 0.000000 0.000000 1.000000
0.987863 0.033017 0.151776 0.000000 -0.029843 0.999287 -0.023142 9.403800 -0.152432 0.018332 0.988144 3.045500 0.000000 0.000000 0.000000 1.000000
0.988239 0.037446 0.148263 0.000000 -0.035784 0.999263 -0.013864 9.403800 -0.148673 0.008395 0.988851 3.045500 0.000000 0.000000 0.000000 1.000000
0.989670 0.042024 0.137067 -0.000000 -0.042624 0.999090 0.001446 9.403800 -0.136881 -0.007274 0.990561 3.045500 0.000000 0.000000 0.000000 1.000000
0.991769 0.048578 0.118467 0.000000 -0.051592 0.998414 0.022511 9.403800 -0.117186 -0.028437 0.992703 3.045500 0.000000 0.000000 0.000000 1.000000
0.994058 0.056992 0.092734 0.000000 -0.061354 0.997107 0.044878 9.403800 -0.089908 -0.050301 0.994679 3.045500 0.000000 0.000000 0.000000 1.000000
0.995897 0.066218 0.061676 0.000000 -0.069991 0.995670 0.061179 9.403800 -0.057358 -0.065245 0.996219 3.045500 0.000000 0.000000 0.000000 1.000000
0.997186 0.071049 0.023937 0.000000 -0.072442 0.995351 0.063464 9.403800 -0.019317 -0.065020 0.997697 3.045500 0.000000 0.000000 0.000000 1.000000
0.997998 0.059974 -0.020066 0.000000 -0.058831 0.996838 0.053410 9.403800 0.023206 -0.052122 0.998371 3.045500 0.000000 0.000000 0.000000 1.000000
0.997488 0.026937 -0.065514 0.000000 -0.024427 0.998947 0.038825 9.403800 0.066491 -0.037127 0.997096 3.045500 0.000000 0.000000 0.000000 1.000000</float_array>
        <technique_common>
          <accessor source="#mixamorig_Head-Matrix-animation-output-transform-array" count="25" stride="16">
            <param type="float4x4"/>
          </accessor>
        </technique_common>
      </source>
      <source id="mixamorig_Head-Interpolations">
        <Name_array id="mixamorig_Head-Interpolations-array" count="25">
 LINEAR LINEAR LINEAR LINEAR LINEAR LINEAR LINEAR LINEAR LINEAR LINEAR LINEAR
LINEAR LINEAR LINEAR LINEAR LINEAR LINEAR LINEAR LINEAR LINEAR LINEAR LINEAR LINEAR
LINEAR LINEAR</Name_array>
        <technique_common>
          <accessor source="#mixamorig_Head-Interpolations-array" count="25">
            <param type="name"/>
          </accessor>
        </technique_common>
      </source>
      <sampler id="mixamorig_Head-Matrix-animation-transform">
        <input semantic="INPUT" source="#mixamorig_Head-Matrix-animation-input"/>
        <input semantic="OUTPUT" source="#mixamorig_Head-Matrix-animation-output-transform"/>
        <input semantic="INTERPOLATION" source="#mixamorig_Head-Interpolations"/>
      </sampler>
      <channel source="#mixamorig_Head-Matrix-animation-transform" target="mixamorig_Head/matrix"/>
    </animation>
    <animation id="mixamorig_Hair1-anim" name="mixamorig_Hair1">
      <source id="mixamorig_Hair1-Matrix-animation-input">
        <float_array id="mixamorig_Hair1-Matrix-animation-input-array" count="25">

0.000000 0.033333 0.066667 0.100000 0.133333 0.166667 0.200000 0.233333 0.266667 0.300000 0.333333 0.366667 0.400000 0.433333 0.466667 0.500000
0.533333 0.566667 0.600000 0.633333 0.666667 0.700000 0.733333 0.766667 0.800000</float_array>
        <technique_common>
          <accessor source="#mixamorig_Hair1-Matrix-animation-input-array" count="25">
            <param name="TIME" type="float"/>
          </accessor>
        </technique_common>
      </source>
      <source id="mixamorig_Hair1-Matrix-animation-output-transform">
        <float_array id="mixamorig_Hair1-Matrix-animation-output-transform-array" count="400">

0.000000 0.000000 1.000000 -0.006400 -0.914593 0.404376 0.000000 10.404700 -0.404376 -0.914593 0.000000 -9.348100 0.000000 0.000000 0.000000 1.000000
0.000000 -0.000000 1.000000 -0.006400 -0.914593 0.404376 0.000000 10.404700 -0.404376 -0.914593 0.000000 -9.348100 0.000000 0.000000 0.000000 1.000000
0.000000 0.000000 1.000000 -0.006400 -0.914593 0.404376 0.000000 10.404700 -0.404376 -0.914593 -0.000000 -9.348100 0.000000 0.000000 0.000000 1.000000
-0.000000 -0.000000 1.000000 -0.006400 -0.914593 0.404376 0.000000 10.404700 -0.404376 -0.914593 -0.000000 -9.348100 0.000000 0.000000 0.000000 1.000000
0.000000 -0.000000 1.000000 -0.006400 -0.914593 0.404376 0.000000 10.404700 -0.404376 -0.914593 0.000000 -9.348100 0.000000 0.000000 0.000000 1.000000
-0.000000 -0.000000 1.000000 -0.006400 -0.914593 0.404376 0.000000 10.404700 -0.404376 -0.914593 0.000000 -9.348100 0.000000 0.000000 0.000000 1.000000
0.000000 -0.000000 1.000000 -0.006400 -0.914593 0.404376 0.000000 10.404700 -0.404376 -0.914593 0.000000 -9.348100 0.000000 0.000000 0.000000 1.000000
0.000000 -0.000000 1.000000 -0.006400 -0.914593 0.404376 0.000000 10.404700 -0.404376 -0.914593 0.000000 -9.348100 0.000000 0.000000 0.000000 1.000000
0.000000 -0.000000 1.000000 -0.006400 -0.914593 0.404376 0.000000 10.404700 -0.404376 -0.914593 -0.000000 -9.348100 0.000000 0.000000 0.000000 1.000000
-0.000000 0.000000 1.000000 -0.006400 -0.914593 0.404376 0.000000 10.404700 -0.404376 -0.914593 0.000000 -9.348100 0.000000 0.000000 0.000000 1.000000
0.000000 -0.000000 1.000000 -0.006400 -0.914593 0.404376 0.000000 10.404700 -0.404376 -0.914593 0.000000 -9.348100 0.000000 0.000000 0.000000 1.000000
0.000000 0.000000 1.000000 -0.006400 -0.914593 0.404376 -0.000000 10.404700 -0.404376 -0.914593 0.000000 -9.348100 0.000000 0.000000 0.000000 1.000000
0.000000 -0.000000 1.000000 -0.006400 -0.914593 0.404376 0.000000 10.404700 -0.404376 -0.914593 0.000000 -9.348100 0.000000 0.000000 0.000000 1.000000
0.000000 0.000000 1.000000 -0.006400 -0.914593 0.404376 -0.000000 10.404700 -0.404376 -0.914593 0.000000 -9.348100 0.000000 0.000000 0.000000 1.000000
0.000000 0.000000 1.000000 -0.006400 -0.914593 0.404376 -0.000000 10.404700 -0.404376 -0.914593 -0.000000 -9.348100 0.000000 0.000000 0.000000 1.000000
0.000000 -0.000000 1.000000 -0.006400 -0.914593 0.404376 0.000000 10.404700 -0.404376 -0.914593 0.000000 -9.348100 0.000000 0.000000 0.000000 1.000000
0.000000 -0.000000 1.000000 -0.006400 -0.914593 0.404376 -0.000000 10.404700 -0.404376 -0.914593 0.000000 -9.348100 0.000000 0.000000 0.000000 1.000000
0.000000 0.000000 1.000000 -0.006400 -0.914593 0.404376 -0.000000 10.404700 -0.404376 -0.914593 -0.000000 -9.348100 0.000000 0.000000 0.000000 1.000000
0.000000 0.000000 1.000000 -0.006400 -0.914593 0.404376 0.000000 10.404700 -0.404376 -0.914593 0.000000 -9.348100 0.000000 0.000000 0.000000 1.000000
0.000000 0.000000 1.000000 -0.006400 -0.914593 0.404376 0.000000 10.404700 -0.404376 -0.914593 0.000000 -9.348100 0.000000 0.000000 0.000000 1.000000
0.000000 0.000000 1.000000 -0.006400 -0.914593 0.404376 0.000000 10.404700 -0.404376 -0.914593 0.000000 -9.348100 0.000000 0.000000 0.000000 1.000000
0.000000 0.000000 1.000000 -0.006400 -0.914593 0.404376 0.000000 10.404700 -0.404376 -0.914593 0.000000 -9.348100 0.000000 0.000000 0.000000 1.000000
0.000000 -0.000000 1.000000 -0.006400 -0.914593 0.404376 0.000000 10.404700 -0.404376 -0.914593 -0.000000 -9.348100 0.000000 0.000000 0.000000 1.000000
0.000000 0.000000 1.000000 -0.006400 -0.914593 0.404376 0.000000 10.404700 -0.404376 -0.914593 0.000000 -9.348100 0.000000 0.000000 0.000000 1.000000
0.000000 -0.000000 1.000000 -0.006400 -0.914593 0.404376 0.000000 10.404700 -0.404376 -0.914593 0.000000 -9.348100 0.000000 0.000000 0.000000 1.000000</float_array>
        <technique_common>
